# PathPlanner CSV Format:
# timeSeconds, xPositionMeters, yPositionMeters, headingDegrees, velocityMetersPerSecond, accelerationMetersPerSecondSq, curvatureRadPerMeter, holonomicRotationDegrees, angularVelocityDegreesPerSec, holonomicAngularVelocityDegreesPerSec
 0.0,1.84,4.909956819908374,-18.323158478842327,0,3.0,0.5596349512708552,180.0,0.0,0.014935675062009893
 0.1189437642917365,1.8601454700568305,4.903285308247787,-18.323158478842327,0.3568312928752095,2.9999999999999996,0.5596349512708552,-179.99822349458586,13.768892373951086,0.10736249022648305
 0.16858154467840203,1.8805470545101046,4.89679798188045,-17.63970122301651,0.505744634035206,2.9999999999999982,0.5400733234303651,-179.99289425887423,17.35379900506707,0.23163701752189572
 0.20692224063456127,1.901201868695464,4.890493283235297,-16.974344491678934,0.6207667219036838,3.0000000000000013,0.5212367497231958,-179.98401313441323,19.910240364656755,0.3821135245317873
 0.23945605579609247,1.9221070279485497,4.884369654741253,-16.326588411833537,0.7183681673882774,3.0,0.5031062839255318,-179.9715815236354,21.86095382119399,0.5539392513150373
 0.26830422635151313,1.9432596476050035,4.878425538827249,-15.695939887495555,0.8049126790545394,3.000000000000004,0.48566205066366175,-179.95560138963612,23.393526413942094,0.7439179160665462
 0.2945519256616018,1.9646568430004656,4.872659377922213,-15.081913640379785,0.8836557769848056,3.000000000000002,0.4688835003670094,-179.9360752558638,24.61405808398635,0.9497263802987199
 0.3188421324211202,1.9862957294705785,4.867069614455074,-14.484033080328963,0.9565263972633606,2.999999999999998,0.4527496311910903,-179.9130062057214,25.59071276473098,1.169569840643629
 0.34159265378162496,2.0081734223509824,4.861654690854764,-13.901831022944407,1.024777961344875,3.000000000000007,0.4372391808976461,-179.88639788207922,26.37092326166189,1.4020037949870527
 0.3630928775947285,2.0302870369773194,4.856413049550207,-13.334850270660498,1.089278632784186,3.0000000000000053,0.4223307916865876,-179.85625448670018,26.989552322195497,1.6458313629084076
 0.38355287603886773,2.0526336886852303,4.851343132970336,-12.782644072140364,1.1506586281166034,2.999999999999992,0.4080031505700522,-179.82258077957576,27.473257533570838,1.9000391679696624
 0.40313073634206315,2.075210492810357,4.846443383544078,-12.244776474074405,1.2093922090261897,3.0000000000000058,0.3942351080574172,-179.78538207817465,27.843036037466955,2.16375482943882
 0.4219488672215976,2.0980145646883397,4.8417122437003615,-11.720822577837758,1.265846601664793,2.9999999999999942,0.38100577741879993,-179.74466425660304,28.115808494450892,2.4362174291038245
 0.4401042713319249,2.1210430196548207,4.8371481558681175,-11.210368712732429,1.320312813995775,3.0,0.36829461687748555,-179.70043374467704,28.305457387835162,2.7167562042332807
 0.45767530611802554,2.1442929730454408,4.832749562476274,-10.713012536334286,1.3730259183540767,2.999999999999997,0.3560814966851678,-179.6526975269071,28.423536881437716,3.0047746907307027
 0.4747262968860377,2.167761540195841,4.82851490595376,-10.228363071374638,1.4241788906581132,3.000000000000003,0.34434675299680656,-179.6014631413955,28.479775365037458,3.299738611722482
 0.4913107810495771,2.1914458364416634,4.824442628729504,-9.756040687852016,1.4739323431487312,2.9999999999999867,0.3330712302188908,-179.54673867864557,28.482441876433697,3.6011664204424503
 0.5074738492240469,2.215342977118548,4.820531173232436,-9.295677038027844,1.5224215476721406,2.99999999999999,0.32223631336372865,-179.48853278028434,28.438620077429317,3.908621774718042
 0.5232538725011323,2.2394500775621373,4.816778981891485,-8.846914951237821,1.5697616175033966,2.999999999999993,0.31182395170971583,-179.42685463769797,28.354417603212497,4.221707449666402
 0.5386838017168453,2.2637642531080724,4.81318449713558,-8.409408294667488,1.6160514051505352,2.999999999999986,0.30181667507532006,-179.36171399058017,28.235129069892754,4.5400603430225415
 0.5537921615190248,2.288282619091994,4.809746161393648,-7.98282180561857,1.6613764845570738,3.0,0.2921976037937896,-179.29312112539418,28.085365112638637,4.86334732547885
 0.5686038224645881,2.3130022908495436,4.80646241709462,-7.566830900037814,1.7058114673937637,3.0,0.2829504531574497,-179.22108687374867,27.909156004879357,5.19126175508105
 0.5831406088225259,2.3379203837163622,4.803331706667425,-7.161121461764524,1.7494218264675774,3.0000000000000075,0.274059533444949,-179.14562261068693,27.710035946224227,5.523520520732939
 0.5974217828491065,2.363034013028092,4.8003524725409905,-6.765389616133692,1.792265348547319,2.999999999999992,0.2655097461325605,-179.06674025289095,27.491112387682254,5.859861513027141
 0.6114644348654679,2.388340294120373,4.797523157144248,-6.3793414913307895,1.8343933045964032,3.000000000000008,0.2572865768407228,-178.98445225679944,27.255123617868634,6.20004144390479
 0.6252838005799878,2.4138363423288474,4.794842202906125,-6.0026929704610135,1.8758514017399628,2.999999999999992,0.2493760858157642,-178.89877161664094,27.004487029936417,6.543833954323386
 0.6388935215602003,2.4395192729891564,4.7923080522555495,-5.635169436769811,1.9166805646806004,3.000000000000008,0.24176489626840073,-178.80971186238176,26.741339883159327,6.8910279618087324
 0.6523058608083554,2.465386201436941,4.789919147621452,-5.276505514306658,1.9569175824250657,3.0,0.23444018100589295,-178.71728705758946,26.46757397044905,7.241426209651319
 0.6655318825345259,2.491434243007843,4.787673931432762,-4.926444805934475,1.9965956476035773,3.0000000000000084,0.22738964782779017,-178.62151179721215,26.184865288240484,7.594843986925919
 0.6785816031224646,2.5176605130375025,4.785570846118405,-4.58473963029012,2.0357448093673933,2.999999999999983,0.22060152386889773,-178.52240120527378,25.89469956609299,7.951107994256674
 0.6914641187243298,2.5440621268615615,4.783608334107316,-4.251150759124316,2.074392356172989,3.0000000000000084,0.2140645392611085,-178.41997093248565,25.59839433705218,8.3100553346983
 0.7041877137488849,2.5706361998156613,4.781784837828419,-3.9254471563007995,2.112563141246654,2.999999999999991,0.2077679103342632,-178.3142371537753,25.29711812003565,8.671532612845999
 0.7167599536181923,2.5973798472354437,4.780098799710645,-3.6074057192935074,2.1502798608545763,2.999999999999991,0.20170132244126002,-178.2052165657321,24.991907130831905,9.035395127844012
 0.7291877644856327,2.624290184456549,4.778548662182922,-3.296811024254894,2.187563293456898,3.0000000000000266,0.19585491275610348,-178.09292638397065,24.68367991914189,9.401506148473013
 0.7414775020801778,2.651364326814619,4.77713286767418,-2.993455075180898,2.2244325062405332,3.000000000000009,0.19021925296330525,-177.9773843404124,24.3732502077675,9.769736260209905
 0.7536350114298155,2.678599389645295,4.7758498586133475,-2.6971370578989062,2.260905034289446,2.9999999999999907,0.18478533222302393,-177.85860868048542,24.061338206649815,10.139962775669337
 0.765665678892896,2.7059924882842177,4.7746980774293535,-2.407663099217987,2.296997036678688,3.0,0.17954454022339,-177.73661816024332,23.748580588582524,10.512069201172748
 0.7775744776692524,2.733540738067029,4.773675966551127,-2.124846031764476,2.332723433007757,3.0000000000000093,0.17448865054355386,-177.61143204340343,23.435539324906973,10.885944753037544
 0.7893660077578887,2.76124125432937,4.772781968407598,-1.8485051646714161,2.368098023273666,3.0000000000000093,0.16960980445525836,-177.48307009830475,23.1227095132546,11.261483918214712
 0.8010445311632789,2.7890911524068818,4.772014525427694,-1.5784660604248333,2.403133593489837,3.000000000000019,0.16490049506223606,-177.35155259478645,22.81052633544538,11.638586054518527
 0.8126140030191185,2.817087547635206,4.7713720800403445,-1.3145603179700107,2.4378420090573556,3.0000000000000098,0.16035355183809752,-177.21690030098694,22.49937124516164,12.017155026312356
 0.8240780991900488,2.8452275553499837,4.77085307467448,-1.0566253622300126,2.4722342975701466,2.9999999999999902,0.15596212573372226,-177.0791344800643,22.18957748545432,12.397098872036555
 0.8354402408233017,2.873508290886856,4.770455951759026,-0.8045042400582411,2.5063207224699053,3.0000000000000098,0.15171967472432005,-176.9382768868388,21.881435014274363,12.77832950043713
 0.8467036162493846,2.901926869581465,4.770179153722915,-0.5580454226310331,2.540110848748154,2.9999999999999805,0.14761994979427973,-176.79434976435718,21.57519490099066,13.160762412617235
 0.8578712005707696,2.93048040676945,4.770021122995074,-0.3171026143239046,2.573613601712309,3.0,0.14365698153514464,-176.64737584038056,21.271073266569392,13.544316447510772
 0.8689457732276115,2.9591660177864547,4.769980302004433,-0.08153456794427527,2.6068373196828345,3.00000000000001,0.13982506719733562,-176.49737832379535,20.969254808081313,13.928913548556379
 0.87992993378786,2.987980817968119,4.770055133179922,0.14879509369645347,2.6397898013635803,3.0000000000000204,0.13611875824476158,-176.34438090094818,20.669895958008492,14.314478549551675
 0.890826116174279,3.016921922650084,4.7702440589504675,0.3740180499632186,2.672478348522837,2.99999999999999,0.13253284844801277,-176.18840773190578,20.373127723979405,14.700938978059135
 0.9016366015115335,3.0459864471679916,4.7705455217449995,0.5942614484973108,2.7049098045346005,2.99999999999999,0.1290623623891922,-176.0294834466396,20.0790582293558,15.088224874663323
 0.9123635297517625,3.075171506857483,4.770957963992448,0.8096480652549906,2.7370905892552875,2.99999999999999,0.12570254458015015,-175.86763314113665,19.787775003620954,15.476268626819948
 0.9230089102160701,3.1044742170541992,4.77147982812174,1.0202964587106518,2.76902673064821,2.999999999999979,0.12244884894410961,-175.70288237343632,19.49934703786147,15.86500481588145
 0.9335746311715283,3.1338916930937817,4.772109556561806,1.2263211183263358,2.800723893514584,2.999999999999958,0.11929692879907641,-175.53525715959472,19.213826632376428,16.254370076330776
 0.9440624685480569,3.163421050311872,4.772845591741576,1.4278326074275136,2.8321874056441696,2.999999999999968,0.1162426273041428,-175.36478396957625,18.93125105759419,16.644302966049032
 0.9544740938865178,3.1930594040441105,4.773686376089977,1.6249377006275272,2.863422281659552,2.9999999999999574,0.11328196830661746,-175.19148972307391,18.651644054795383,17.034743846846702
 0.9648110815981648,3.222803869626139,4.774630352035937,1.8177395160239596,2.894433244794493,3.0000000000000107,0.11041114763474556,-175.015401785258,18.37501717677545,17.425634774219624
 0.9750749156059442,3.2526515623935994,4.775675962008389,2.0063376422164785,2.925224746817831,3.0,0.10762652472293271,-174.83654796245523,18.101371000831474,17.816919395814818
 0.9852669954298167,3.2825995976821316,4.776821648436259,2.1908282603784834,2.9558009862894483,2.999999999999967,0.10492461475596512,-174.65495649775758,17.83069621972427,18.208542857733708
 0.9953886417710546,3.3126450908273783,4.778065853748477,2.3713042615325803,2.986165925313162,2.9999999999999782,0.10230208106611743,-174.47065606656233,17.56297461984458,18.6004517180856
 1.0054411016441893,3.34278515716498,4.779407020373972,2.547855359151452,3.016323304932566,3.000000000000011,0.0997557278976303,-174.2836757720441,17.298179962391316,18.992593867322146
 1.015425553099841,3.373016912030578,4.7808435907416715,2.7205681972570757,3.0462766592995214,3.0,0.09728249357638921,-174.0940451405589,17.036278777228944,19.38491845469007
 1.025343109576878,3.403337470759813,4.782374007280507,2.889526454188788,3.076029328730632,3.000000000000022,0.0948794439514248,-173.90179411698176,16.77723107063961,19.777375820440383
 1.0351948239181967,3.4337439486883277,4.783996712419405,3.054810942135028,3.1055844717545886,3.0,0.09254376614867778,-173.70695305997788,16.520990967257266,20.16991743328277
 1.0449816920807424,3.4642334611517622,4.785710148587297,3.2164997026461832,3.1349450762422255,2.9999999999999774,0.09027276260853405,-173.5095527372089,16.26750727840534,20.56249583279845
 1.05470465656718,3.4948031234857586,4.7875127582131105,3.3746680981969837,3.1641139697015386,3.0000000000000226,0.08806384549601252,-173.3096243204741,16.01672401602353,20.95506457628423
 1.0643646096037875,3.5254500510259574,4.7894029837257746,3.529388899992074,3.193093828811361,3.0,0.0859145312520066,-173.1071993807881,15.768580848823808,21.347578189890896
 1.0739623960866427,3.5561713591080006,4.791379267554218,3.680732372116724,3.2218871882599265,3.0,0.08382243541869325,-172.90230988339547,15.523013510320528,21.73999212357926
 1.0834988163159565,3.586964163067529,4.79344005212737,3.8287663521764554,3.2504964489478683,3.0000000000000466,0.08178526784590265,-172.69498818272305,15.279954160628906,22.132262709768728
 1.0929746285364503,3.6178255782401836,4.795583779874161,3.973556328540329,3.2789238856093497,2.9999999999999765,0.07980082792121374,-172.48526701727064,15.039331708059002,22.524347125262384
 1.1023905512999235,3.648752719961606,4.797808893223519,4.115165514317665,3.3071716538997693,3.0000000000000235,0.07786700020254965,-172.27317950444152,14.801072093870888,22.91620335640418
 1.1117472656646143,3.6797427035674377,4.800113834604372,4.253654918191212,3.335241796993842,3.0,0.07598175012395211,-172.05875913531247,14.565098540487591,23.3077901670472
 1.121045417244569,3.71079264439332,4.80249704644565,4.389083412197642,3.3631362517337062,3.000000000000048,0.07414311995324822,-171.8420397693455,14.331331769728932,23.699067069333505
 1.1302856181210037,3.741899657774894,4.804956971176281,4.521507796576768,3.3908568543630104,3.0,0.07234922495641818,-171.62305562904075,14.099690193114043,24.089994296949737
 1.1394684486265403,3.773060859047801,4.8074920512251955,4.650982861800711,3.41840534587962,2.999999999999976,0.07059824967885271,-171.40184129453252,13.870090074279009,24.480532780768016
 1.1485944590122057,3.8042733635476815,4.810100729021322,4.777561447868695,3.4457833770366166,3.000000000000049,0.068888444436716,-171.1784316981286,13.642445667069977,24.870644126707496
 1.1576641710062017,3.835534286610178,4.812781446993589,4.901294500962758,3.4729925130186046,3.0,0.06721812202053642,-170.9528621187942,13.416669332883243,25.26029059571154
 1.1666780792726497,3.8668407435709304,4.815532647570926,5.022231127570634,3.5000342378179483,2.9999999999999756,0.0655856542876987,-170.72516817658064,13.19267163524844,25.64943508554964
 1.1756366527778062,3.898189849765582,4.818352773182261,5.140418646144401,3.526909958333418,3.0,0.06398946936502775,-170.495385827001,12.970361416598648,26.038041114614003
 1.1845403360705895,3.9295787205297725,4.821240266256525,5.255902636390732,3.5536210082117674,2.9999999999999503,0.062428048461623344,-170.263551355352,12.749645855784095,26.42607280729445
 1.193389550483683,3.9610044711991432,4.824193569222646,5.368726986259573,3.5801686514510473,2.9999999999999747,0.06089992310511102,-170.02970137098424,12.530430509904432,26.813494881040114
 1.2021846952609476,3.992464217109336,4.827211124509553,5.478933936715637,3.6065540857828418,3.0000000000000253,0.059403672588506866,-169.79387280152105,12.312619341112281,27.20027263489388
 1.2109261486164047,4.023955073595992,4.8302913745461735,5.586564124369469,3.6327784458492127,2.9999999999999747,0.057937921166355835,-169.5561028870274,12.096114727373825,27.586371939533656
 1.219614268729611,4.055474155994752,4.833432761761439,5.691656622024016,3.6588428061888316,3.0,0.05650133572272263,-169.31642917412915,11.88081745670424,27.97175922860772
 1.22824939468187,4.087018579641258,4.836633728584277,5.794248977178455,3.684748184045609,3.0000000000000258,0.05509262318777564,-169.07488951008386,11.66662671619018,28.356401491360383
 1.2368318473373463,4.11858545987115,4.839892717443616,5.894377248619272,3.710495542012038,3.0,0.05371052842824107,-168.83152203680459,11.453440060025168,28.740266266533446
 1.2453619301728525,4.150171912020072,4.843208170768388,5.992076041082791,3.736085790518556,2.999999999999974,0.052353831921489125,-168.58636518483655,11.241153367145825,29.123321637375234
 1.253839930059758,4.181775051423662,4.846578530987518,6.087378538058141,3.7615197901792725,2.999999999999974,0.05102134767629698,-168.33945766728857,11.029660793333314,29.505536227730932
 1.2622661180012242,4.213391993417563,4.850002240529938,6.180316532833389,3.786798354003671,2.999999999999974,0.04971192105375805,-168.09083847371997,10.818854701456951,29.886879199289154
 1.2706407498277035,4.245019853337417,4.853477741824575,6.270920457742266,3.811922249483109,3.0000000000000266,0.04842442678358682,-167.84054686398346,10.608625591804946,30.267320249713848
 1.278964066853436,4.276655746518863,4.857003477300359,6.359219411750158,3.8368922005603068,3.0,0.04715776709493912,-167.58862236202572,10.39886201039655,30.646829611828185
 1.2872362964964623,4.308296788297544,4.86057788938622,6.4452411863263,3.8617088894893854,3.0,0.045910869826759994,-167.33510474964598,10.189450455399738,31.02537805369304
 1.2954576528644797,4.3399400940091,4.864199420511085,6.529012289714398,3.886372958593438,3.000000000000081,0.04468268643079901,-167.0800340602141,9.980275269600659,31.402936879565914
 1.3036283373087163,4.371582778989175,4.867866513103884,6.610557969608924,3.910885011926148,3.0,0.04347219043364523,-166.8234505723489,9.77121851794669,31.779477931794577
 1.3117485389478156,4.403221958573407,4.871577609593546,6.689902234234353,3.935245616843446,3.0000000000000275,0.04227837534702935,-166.5653948035574,9.562159862224501,32.15497359343123
 1.319818435163603,4.434854748097439,4.875331152408999,6.767067871921273,3.959455305490809,3.0000000000000275,0.041100253372138316,-166.30590750383703,9.352976417052504,32.529396791766416
 1.3278381920704556,4.466478262896912,4.8791255839791745,6.842076469141557,3.9835145762113666,3.0000000000000275,0.03993685333812968,-166.04502964924052,9.13504788956765,32.87215308587474
 1.3358153760763294,4.498089618307467,4.882959346732999,6.914948427059107,4.0,2.0665718349350857,0.03878721921436625,-165.78280243540524,8.890823304657795,33.11510843492669
 1.3437735310337553,4.529685929664745,4.886830883099403,6.985702976616668,4.0,0.0,0.03765040867944079,-165.51926727104814,8.630651174816567,33.28821206518721
 1.3517283439598133,4.561264312304388,4.890738635507315,7.054358192142397,4.0,0.0,0.03652549100110423,-165.25446577142662,8.373181849628233,33.45936866684849
 1.359679062406065,4.592821881562037,4.894681046385664,7.120931003528056,4.0,0.0,0.03541154591763165,-164.98843975176717,8.118204726765816,33.62860383661229
 1.3676249329037882,4.624355752773334,4.898656558163378,7.185437206960941,4.0,0.0,0.03430766184280088,-164.72123122066222,7.865511152170333,33.79594290036661
 1.375565201000969,4.655863041273919,4.902663613269388,7.247891474230538,4.0,0.0,0.033212934269297285,-164.4528823734363,7.614894055430696,33.96141093728011
 1.3834991112984723,4.687340862399433,4.906700654132621,7.308307360591316,4.0,0.0,0.03212646442092164,-164.18343558548327,7.366147591717691,34.12503280373847
 1.3914259074854398,4.71878633148552,4.910766123182008,7.366697311233985,4.0,0.0,0.03104735709565219,-163.91293340557445,7.119066771483824,34.28683315691225
 1.3993448323739557,4.750196563867817,4.914858462846476,7.423072666273694,4.0,0.0,0.029974719871271746,-163.6414185491398,6.873447101985422,34.44683647810944
 1.4072551279330352,4.781568674881969,4.918976115554956,7.477443664360098,4.0,0.0,0.028907660843932384,-163.36893389152266,6.6290842113033825,34.60506709601475
 1.4151560353219688,4.812899779863615,4.923117523736375,7.529819444787048,4.0,0.0,0.027845287188697575,-163.0955224612092,6.385773479071678,34.76154920966535
 1.4230467949230732,4.844186994148399,4.927281129819663,7.580208048177511,4.0,0.0,0.02678670374183975,-162.82122743303378,6.127064476932513,34.82397530988861
 1.430947538856652,4.875427433071959,4.93146537623375,7.628616415674281,3.9788450475654713,-2.6775899348691143,0.025731010993701793,-162.54609212136108,5.852717221099141,34.779554743094586
 1.4388812847068528,4.906618211969938,4.935668705407564,7.675050386639575,3.9550438100148684,-3.000000000000028,0.02467730352994768,-162.27015997324622,5.579567395372776,34.719642889701056
 1.4468504165481872,4.9377564461779775,4.939889559770033,7.719514694830911,3.931136414490865,-3.0,0.023624668325525455,-161.99347456157415,5.309372082290981,34.65536933494434
 1.454854803421527,4.968839251031718,4.944126381750087,7.762012963032078,3.9071232538708465,-2.9999999999999445,0.022572182605219086,-161.71607957817878,5.041940774781652,34.58677864462735
 1.4628943133768222,4.9998637418668,4.948377613776657,7.802547696084944,3.883004724004961,-2.9999999999999725,0.021518912714742093,-161.4380188269437,4.777085384577351,34.51391516141858
 1.4709688134373184,5.030827034018867,4.952641698278668,7.84112027231171,3.858781223823472,-3.0,0.020463911260011496,-161.15933621688487,4.514619955797893,34.43682302030053
 1.4790781695618145,5.061726242823559,4.956917077685051,7.877730933300032,3.834453155449984,-3.0000000000000275,0.0194062158509416,-160.880075755217,4.254360370031859,34.35554616346355
 1.4872222466049037,5.092558483616517,4.961202194424735,7.9123787719226355,3.810020924320716,-3.000000000000027,0.018344846724662533,-160.60028154040435,3.996124067622972,34.27012835461221
 1.4954009082751278,5.123320871733383,4.965495490926651,7.945061718663964,3.785484939310044,-2.999999999999973,0.01727880471380216,-160.31999775519682,3.7397297532694465,34.18061319264468
 1.503614017090973,5.154010522509797,4.969795409619724,7.975776526069422,3.760845612862508,-3.0,0.016207068780920715,-160.03926865965332,3.4849971172673047,34.087044124887804
 1.5118614343346326,5.184624551281402,4.974100392932886,8.004518751388476,3.736103361131529,-3.0000000000000537,0.015128594027390183,-159.75813858415233,3.2317465371116247,33.98946445975276
 1.5201430200034496,5.215160073383839,4.978408883295065,8.031282737195468,3.711258604125078,-3.0000000000000266,0.01404230900715124,-159.47665192239168,2.9797987936253367,33.88791737884683
 1.5284586327589593,5.245614204152747,4.982719323135189,8.056061590052591,3.6863117658585485,-3.0000000000000266,0.01294711311219856,-159.19485312437848,2.728974771979842,33.78244594874913
 1.5368081298734333,5.275984058923769,4.98703015488219,8.078847157036709,3.6612632745151266,-3.0,0.011841874212801728,-158.91278668940953,2.479095164215704,33.67309313210433
 1.545191367173828,5.306266753032547,4.991339820964994,8.09963000008859,3.636113562613942,-3.000000000000053,0.010725425361013322,-158.6304971590448,2.229980166243745,33.559901798482535
 1.5536081989830344,5.3364594018147224,4.99564676381253,8.118399368085731,3.610863067186323,-3.0,0.00959656173511295,-158.3480291100735,1.9814491662956653,33.44291473462396
 1.562058478058316,5.3665591206059355,4.99994942585373,8.135143166514412,3.5855122299604782,-2.999999999999974,0.00845403840151545,-158.06542714747508,1.7333204268171707,33.322174654411576
 1.5705420555268186,5.396563024741827,5.00424624951752,8.149847924633052,3.5600614975549703,-3.000000000000026,0.007296565452582363,-157.7827358973754,1.4854107629056872,33.197724208302304
 1.5790587808180276,5.426468229558038,5.00853567723283,8.162498760045327,3.5345113216813426,-3.000000000000052,0.006122805509036286,-157.49999999999997,1.2375352022352824,33.069605992494196
 1.587608501593038,5.456271850390212,5.01281615142859,8.173079340473684,3.5088621593563114,-3.000000000000052,0.004931369955353112,-157.21726410262454,0.989506643556769,32.93786255762481
 1.5961910636704975,5.485971002573987,5.017086114533726,8.181571842668069,3.483114473123933,-2.9999999999999742,0.003720813949625654,-156.9345728525249,0.74113549858758,32.80253641715005
 1.6048063109490789,5.515562801445008,5.021344008977172,8.187956908255336,3.4572687312881882,-3.0000000000000515,0.002489633040699663,-156.65197088992647,0.49222931828018607,32.66367005535901
 1.6134540853263175,5.545044362338914,5.025588277187852,8.192213596341684,3.431325408156472,-3.0000000000000515,0.0012362580280167704,-156.36950284095516,0.24259241418845484,32.52130593502846
 1.6221342266136543,5.574412800591347,5.029817361594699,8.194319332772077,3.4052849842944615,-3.0000000000000258,-0.00004096446619894648,-156.0872133105904,-0.007974551340760474,32.37548650479485
 1.6308465724475045,5.603665231537947,5.034029704626638,8.194249855722926,3.379147946792911,-2.9999999999999747,-0.0013437020440087947,-155.8051468756215,-0.25967497621072405,32.2262542061651
 1.639590958196169,5.632798770514357,5.038223748712602,8.191979157561665,3.352914789546918,-2.9999999999999747,-0.0026737935928376703,-155.52334807760826,-0.5127167645620929,32.07365148021577
 1.64836721686239,5.661810532856218,5.0423979362815174,8.18747942261336,3.326586013548255,-3.0,-0.004033105374199082,-155.24186141584767,-0.7673127829626344,31.917720774022904
 1.657175178981347,5.69069763389917,5.046550709762314,8.180720960687632,3.3001621271913844,-2.9999999999999494,-0.005423609105639122,-154.96073134034663,-1.023681345696915,31.75850454674073
 1.6660146725138696,5.719457188978855,5.05068051158392,8.171672136052981,3.273643646593816,-3.0000000000000253,-0.006847378229807009,-154.68000224480312,-1.2820467263624924,31.59604527548198
 1.6748855227346406,5.748086313430915,5.054785784175265,8.160299291567389,3.2470310959315025,-3.00000000000005,-0.008306592277822726,-154.39971845959562,-1.5426396940740932,31.430385460815423
 1.6837875521151418,5.77658212259099,5.0588649699652795,8.146566667687216,3.220325007789999,-3.0,-0.00980354742141302,-154.11992424478296,-1.8056980856039098,31.26156763206307
 1.6927205802010858,5.804941731794722,5.06291651138289,8.130436315973778,3.193525923532167,-3.0,-0.011340663037193794,-153.8406637831151,-2.0714674041036347,31.08963435226629
 1.701684423484065,5.833162256377752,5.066938850857027,8.111868006797595,3.1666343936832293,-3.0000000000000497,-0.012920492325970196,-153.56198117305627,-2.340201463388785,30.914628222946774
 1.7106788952671255,5.861240811675721,5.070930430816619,8.090819130768468,3.1396509783340476,-3.0,-0.014545732134179439,-153.28392042182116,-2.612163065441455,30.736591888547483
 1.719703805523969,5.889174513024272,5.074889693690596,8.067244593526617,3.112576247563517,-2.9999999999999756,-0.016219234016603693,-153.0065254384258,-2.8876247240174826,30.555568040630575
 1.7287589607514602,5.916960475759044,5.078815081907886,8.041096703411897,3.0854107818810435,-3.0000000000000244,-0.017944015928481546,-152.72984002675372,-3.1668694367577457,30.371599421797864
 1.737844163815108,5.9445958152156795,5.082705037897418,8.012325051502893,3.0581551726900997,-3.0,-0.01972327485855681,-152.45390787863892,-3.4501915081063554,30.184728829375217
 1.7469592137871655,5.9720776467298196,5.086558004088121,7.980876383493335,3.030810022773928,-2.9999999999999756,-0.02156040123993473,-152.17877256696616,-3.7378974290103884,29.99499911873408
 1.756103905776975,5.9994030856371054,5.090372422908925,7.946694462815535,3.0033759468044994,-3.0,-0.023458993757184597,-151.90447753879073,-4.030306821236104,29.80245320646934
 1.765278030753173,6.026569247273178,5.0941467367887565,7.909719924345092,2.975853571875905,-3.0,-0.02542287574530855,-151.63106610847728,-4.32775344119415,29.60713407316341
 1.77448137535734,6.053573246973679,5.097879388156548,7.869890118063911,2.948243538063404,-3.000000000000024,-0.02745611310895424,-151.35858145086019,-4.6305862720950195,29.40908476594178
 1.7837137217086665,6.0804122000742495,5.101568819441225,7.827138941790233,2.920546499009424,-3.000000000000072,-0.029563033713952788,-151.0870665944255,-4.939170678483774,29.208348400612692
 1.7929748471991835,6.107083221910532,5.105213473071719,7.781396662317713,2.8927631225378727,-3.0,-0.03174824840025093,-150.81656441451668,-5.253889663742189,29.004968163643536
 1.8022645242790836,6.133583427818166,5.108811791476959,7.732589723928124,2.8648940912981726,-3.0,-0.034016674268578136,-150.54711762656365,-5.575145219209334,28.798987313602098
 1.811582520231641,6.159909933132793,5.112362217085872,7.680640543340612,2.8369401034405,-3.0000000000000715,-0.03637355955026923,-150.27876877933775,-5.903359770899615,28.59044918235843
 1.8209285969372095,6.186059853190055,5.115863192327389,7.625467290101215,2.8089018733237943,-2.9999999999999765,-0.03882451135356432,-150.01156024823277,-6.23897775650935,28.37939717583206
 1.8303025106257638,6.212030303325593,5.119313159630439,7.566983651106886,2.7807801322581316,-3.0,-0.041375525505839575,-149.74553422857332,-6.582467315931991,28.165874774304207
 1.83970401161742,6.2378183988750475,5.122710561423948,7.505098578108608,2.752575629283163,-3.0,-0.044033019504965874,-149.48073272895184,-6.934322122879175,27.949925532299318
 1.8491328440503576,6.263421255174061,5.126053840136849,7.439716016775967,2.72428913198435,-3.0000000000000235,-0.04680386865006989,-149.2171975645947,-7.295063378141606,27.73159307785855
 1.8585887455955383,6.288835987558274,5.129341438198068,7.370734615706407,2.6959214273488077,-3.0,-0.0496954454048484,-148.95497035075945,-7.665241952396379,27.510921111367995
 1.8680714471575997,6.3140597113633286,5.132571798036536,7.29804741387084,2.6674733226626235,-3.0000000000000235,-0.05271566311167902,-148.69409249616294,-8.045440729081662,27.28795340362219
 1.8775806725612876,6.339089541924865,5.135743362081182,7.221541504505992,2.63894564645156,-2.9999999999999765,-0.0558730233897624,-148.43460519644256,-8.436277138701557,27.06273379325798
 1.887116138222771,6.363922594578526,5.138854572760934,7.141097673539145,2.61033924946711,-2.999999999999977,-0.05917666887571324,-148.17654942765108,-8.838405918558166,26.835306183398377
 1.8966775528051758,6.388555984659951,5.14190387250472,7.05659001030423,2.5816550057198953,-3.000000000000023,-0.06263644091570686,-147.91996593978584,-9.252522114633319,26.605714537358853
 1.906264616857663,6.412986827504782,5.144889703741471,6.967885488144186,2.5528938135624335,-3.000000000000046,-0.06626294358944643,-147.664895250354,-9.679364360326751,26.37400287340542
 1.9158770224373778,6.4372122384486605,5.147810508900116,6.874843512158888,2.524056596823289,-3.0,-0.0700676139448382,-147.41137763797425,-10.119718440440108,26.14021525834948
 1.9255144527135986,6.461229332827229,5.1506647304095825,6.777315431274161,2.4951443059946263,-3.000000000000023,-0.07406280009559824,-147.1594531360165,-10.574421195898008,25.90439579990156
 1.935176581553425,6.485035225976126,5.153450810698801,6.6751440112728035,2.4661579194751466,-3.0000000000000457,-0.07826184726139343,-146.90916152628,-11.044364784945804,25.666588637524583
 1.944863073088383,6.508627033230995,5.1561671921966985,6.568162865274438,2.4370984448702724,-3.0000000000000457,-0.08267919340339476,-146.66054233271137,-11.530501347037116,25.426837931696525
 1.9545735812613316,6.532001869927475,5.158812317332206,6.456195837705838,2.4079669203514262,-3.0,-0.08733047503421888,-146.4136348151634,-12.03384811814518,25.1851878512546
 1.964307749353146,6.55515685140121,5.161384628534252,6.339056337332448,2.378764416075983,-3.0000000000000226,-0.09223264507937307,-146.16847796319536,-12.555493031807641,24.941682558641403
 1.9740652094886888,6.57808909298784,5.163882568231765,6.2165466145925015,2.3494920356693543,-3.0000000000000226,-0.0974041037781412,-145.92511048991605,-13.096600874569688,24.696366192618886
 1.983845582121705,6.600795710023006,5.166304578853675,6.088456977813324,2.320150917770306,-3.0,-0.10286484432846608,-145.68357082587082,-13.658420052152097,24.449282848324383
 1.9936484754983794,6.62327381784235,5.168649102828909,5.954564942348244,2.2907422376402824,-3.0,-0.10863661563170361,-145.44389711297254,-14.242290026894457,24.200476553948892
 2.003473485099474,6.6455205317815125,5.170914582586399,5.814634306092433,2.2612672088369985,-3.0000000000000226,-0.11474310351929226,-145.20612719847892,-14.849649520101567,23.949991243893052
 2.013320193061145,6.667532967176135,5.173099460555071,5.668414143934823,2.2317270849519852,-3.0,-0.12121013397271238,-144.97029862901573,-15.482045543475463,23.697870727548036
 2.0231881675748182,6.68930823936186,5.175202179163856,5.51563771309228,2.2021231614109658,-3.0,-0.12806590015330074,-144.73644864464796,-16.14114338476888,23.444158653345788
 2.033076962266792,6.710843463674326,5.177221180841682,5.3560212600665915,2.1724567773350443,-3.000000000000045,-0.13534121710888428,-144.50461417299897,-16.828737626441765,23.188898467073887
 2.042986115558654,6.7321357554491765,5.179154908017479,5.189262719217651,2.142729317459458,-2.999999999999955,-0.14306980775525843,-144.2748318234193,-17.546764344598444,22.932133363804233
 2.0529151500100626,6.753182230022053,5.181001803120174,5.015040291529386,2.112942214105232,-3.000000000000045,-0.15128862450947347,-144.0471378812058,-18.29731461824047,22.67390623237398
 2.0628635716460484,6.773980002728595,5.182760308578699,4.8330108909008445,2.0830969491972753,-2.999999999999955,-0.16003821119072462,-143.82156830187134,-19.082649503572437,22.414259591129333
 2.0728308692717214,6.794526188904445,5.18442886682198,4.642808443812336,2.0531950563202566,-2.9999999999999556,-0.16936311137761093,-143.59815870546745,-19.905216652234017,22.153235513822743
 2.0828165137781505,6.814817903885245,5.186005920278948,4.444042026499676,2.0232381228009704,-2.999999999999911,-0.17931232943391728,-143.37694437095922,-20.767668779296667,21.89087554383209
 2.0928199574442705,6.834852263006635,5.187489911378531,4.236293821789341,1.9932277918026098,-3.0000000000000444,-0.18993985213428508,-143.15796023065445,-21.672884195726507,21.627220595002633
 2.102840633241005,6.854626381604255,5.188879282549658,4.019116875683795,1.9631657644124063,-3.0,-0.2013052392188827,-142.94124086468747,-22.62398966906396,21.362310836916247
 2.1128779541453744,6.874137375013749,5.19017247622126,3.792032631238263,1.9330538016992984,-2.999999999999978,-0.2134742939694253,-142.72682049555846,-23.624385899449628,21.096185561997192
 2.1229313124743423,6.893382358570758,5.191367934822263,3.5545282144892787,1.902893726712395,-2.999999999999956,-0.22651982453342062,-142.5147329827293,-24.677775923052103,20.828883031515197
 2.133000079250509,6.912358447610921,5.192464100781598,3.3060534441655696,1.8726874263838962,-2.999999999999934,-0.24052251105507017,-142.30501181727692,-25.78819683791863,20.560440296998753
 2.143083603614658,6.931062757469881,5.193459416528194,3.0460175330429395,1.8424368532914481,-3.000000000000022,-0.25557189364198435,-142.0976901166045,-26.960055221251967,20.29089299288875
 2.1531812123036613,6.94949240348328,5.194352324490978,2.773785445184819,1.812144027224438,-3.000000000000044,-0.2717675004432088,-141.89280061921187,-28.198166745269646,20.02027509559899
 2.1632922092165114,6.967644500986756,5.195141267098882,2.488673868275365,1.781811036485888,-2.9999999999999782,-0.2892201378798287,-141.69037567952586,-29.507800482315158,19.74861864327563
 2.173415875096447,6.985516165315954,5.195824686780832,2.1899467553406,1.751440038846081,-2.9999999999999782,-0.3080533676630081,-141.49044726279106,-30.894728482130276,19.475953409478578
 2.183551467363418,7.003104511806514,5.196401025965759,1.8768103842469506,1.7210332620451676,-3.0000000000000218,-0.32840520164808795,-141.29304694002207,-32.365281286361174,19.202306522690456
 2.193698220138853,7.020406655794076,5.196868727082592,1.5484078765268423,1.6905930037188632,-3.000000000000044,-0.3504300480565357,-141.0982058830182,-33.92641006647655,18.927702022341688
 2.203855344514026,7.037419712614283,5.197226232560258,1.2038131098785105,1.660121630593344,-2.9999999999999565,-0.3743009508838196,-140.90595485944107,-35.58575619114049,18.65216033994305
 2.214022029124768,7.054140797602775,5.197471984827689,0.8420239500484338,1.6296215767611186,-3.0,-0.4002121691879696,-140.71632422795588,-37.35172907454997,18.375697692038244
 2.22419744110922,7.070567026095195,5.197604426313811,0.4619547183832481,1.5990953408077626,-2.9999999999999565,-0.4283821523305187,-140.52934393343764,-39.233593200498014,18.09832536914052
 2.2343807275424226,7.086695513427182,5.197621999447555,0.062427801018829054,1.5685454815081554,-2.9999999999999565,-0.45905697610310997,-140.3450435022424,-41.24156532509583,17.8200489016973
 2.2445710174624676,7.102523374934379,5.19752314665785,-0.3578357064003725,1.5379746117480197,-3.0000000000000653,-0.4925143145926609,-140.16345203754472,-43.3869228068162,17.54086708071702
 2.2547674246286444,7.118047725952427,5.197306310373624,-0.8002264370261557,1.5073853902494891,-3.0,-0.529068036627688,-139.98459821474194,-45.68212405982663,17.260770806211603
 2.264969051183615,7.133265681816966,5.196969933023807,-1.2662584069223388,1.4767805105845773,-3.0000000000000435,-0.5690735275633549,-139.80851027692603,-48.14094201976989,16.979741731671194
 2.2751749924305953,7.148174357863638,5.1965124570373264,-1.7575820327503993,1.4461626868436361,-3.0,-0.6129338541827897,-139.6352160304237,-50.77861132163141,16.69775066660675
 2.2853843429845813,7.162770869428085,5.195932324843113,-2.2759986763775353,1.4155346351816782,-3.0,-0.6611069068234089,-139.46474284040525,-53.61198960297351,16.414755691933884
 2.295596204616122,7.177052331845948,5.195227978870095,-2.8234768959947023,1.384899050287056,-3.0,-0.714113670735583,-139.29711762656368,-56.65973276427331,16.13069993467198
 2.3058096961798826,7.191015860452868,5.194397861547201,-3.4021705985875386,1.3542585755957746,-2.9999999999999565,-0.7725477975242157,-139.13236685886335,-59.94248322961426,15.845508938049841
 2.316023966111873,7.2046585705844866,5.19344041530336,-4.014439302688631,1.3236157657998036,-2.9999999999999565,-0.8370866638954715,-138.97051655336034,-63.48306892843362,15.559087551770503
 2.326238208093439,7.217977577576444,5.192354082567503,-4.662870730456076,1.2929730398551054,-3.0000000000000653,-0.9085041188463543,-138.8115922680942,-67.30670884070017,15.271316253516538
 2.336451680622795,7.230969996764382,5.1911373057685575,-5.350305952241922,1.2623326222670375,-3.0000000000000218,-0.987685125810308,-138.6556190990518,-71.44121815661867,14.982046797412394
 2.346663731413716,7.243632943483943,5.189788527335451,-6.079867300622605,1.2316964698942736,-2.9999999999999782,-1.0756424985415791,-138.50262167620465,-75.91720208167466,14.691097068300573
 2.3568738277658055,7.2559635330707675,5.188306189697116,-6.854989248657534,1.2010661808380063,-2.9999999999999565,-1.1735358983475959,-138.3526241596194,-80.76822160591244,14.39824500204796
 2.3670815943342784,7.267958880860495,5.186688735282478,-7.679452400961385,1.170442881132587,-3.0000000000000218,-1.2826931912631705,-138.20565023564282,-86.0309063905903,14.103221413501403
 2.3772868600861057,7.279616102188769,5.184934606520468,-8.557420663547932,1.1398270838771052,-3.0000000000000218,-1.4046341377872136,-138.06172311316118,-91.74497869319109,13.8057015556707
 2.387489716685428,7.290932312391231,5.1830422458400145,-9.49348152486243,1.109218514079139,-2.9999999999999565,-1.541096169939186,-137.92086551993563,-97.95313639847821,13.505295220138633
 2.397690591133336,7.3019046268035215,5.181010095670046,-10.49268917104212,1.0786158907354155,-2.9999999999999347,-1.6940616615909148,-137.78309969901306,-104.70072178349623,13.201535182922743
 2.4078903362337187,7.312530160761281,5.178836598439493,-11.560609845059878,1.0480166554342674,-2.9999999999999782,-1.8657855509801669,-137.64844740521352,-112.03507342323203,12.893863809902887
 2.4180903434198724,7.3228060296001525,5.1765201965772825,-12.703368399078098,1.0174166338758064,-3.0,-2.0588213448612227,-137.51692990169522,-120.00441979202994,12.581617672259396
 2.428292683726373,7.332729348655776,5.174059332512345,-13.927694328080566,0.9868096129563034,-3.0000000000000546,-2.2760423088708635,-137.38856795659655,-128.6561225723527,12.264010100083999
 2.4385002843250607,7.342297233263793,5.17145244867361,-15.24096464187493,0.9561868111602405,-3.0000000000000324,-2.520652876265413,-137.26338183975662,-138.03401344013835,11.940111746229407
 2.448717150199923,7.351506798759845,5.168697987490004,-16.65123964336176,0.9255362135356532,-3.000000000000054,-2.7961828222012852,-137.14139131951453,-148.1744903562489,11.608829472544228
 2.4589486434101455,7.360355160479571,5.165794391390459,-18.167285935369904,0.8948417339049856,-3.0,-3.106453365954542,-137.02261565958756,-159.10095067869113,11.268884249923962
 2.469201836272519,7.368839433758616,5.162740102803902,-19.798578667265527,0.8640821553178639,-3.000000000000054,-3.4554999513020794,-136.90707361602932,-170.81604855753622,10.918789333181113
 2.479485960119489,7.37695673393262,5.159533564159262,-21.555272065681265,0.8332297837769544,-2.999999999999957,-3.847431033949142,-136.7947834342679,-183.29119366525788,10.556830786343065
 2.489812978734229,7.384704176337224,5.156173217885469,-23.44812363458025,0.8022487279327353,-3.0,-4.28619615214404,-136.6857628462247,-196.45269675892493,10.18105353834503
 2.5001983262144427,7.3920788763080685,5.152657506411451,-25.488353153846756,0.7710926854920942,-2.999999999999968,-4.775230931011172,-136.58002906751432,-210.1640810909594,9.789257543498914
 2.5106618646730996,7.399077949180796,5.148984872166139,-27.687413098970296,0.7397020701161232,-3.000000000000032,-5.316943702828462,-136.47759879472622,-224.20441785355118,9.379010201752815
 2.5212291409428147,7.405698510291047,5.145153757578459,-30.056643123319414,0.7080002413069786,-2.999999999999937,-5.912012089033759,-136.37848820278782,-238.24324194213983,8.947682649841276
 2.531933058831429,7.411937674974464,5.1411626050773425,-32.60677922258536,0.6758884876411355,-3.0,-6.558474359934775,-136.28271294241054,-251.8138022395733,8.492518193114673
 2.5428161447066215,7.417792558566685,5.137009857091717,-35.34729045691738,0.643239230015558,-3.0,-7.250637751656247,-136.19028813761824,-264.9912682377662,8.03205102692097
 2.5539041910799214,7.423260276403354,5.132693956050513,-38.28552592765727,0.6132203328961935,-2.7073206684678395,-7.9778921614178495,-136.10122838335903,-278.1396449000211,7.5891858566453525
 2.5651940239785946,7.428337943820114,5.128213344382658,-41.42567604107482,0.586424858989907,-2.3734163425426242,-8.723615400905333,-136.01554774320053,-291.07328654744794,7.167105155857055
 2.5766753674641487,7.433022676152603,5.123566464517082,-44.767588423395175,0.5630051808989301,-2.039802930767095,-9.464473771628082,-135.93325974710905,-303.45865148196077,6.765947674592694
 2.5883340975622535,7.4373115887364625,5.118751758882714,-48.30553093695821,0.5431115021552407,-1.70633324352566,-10.170522238095808,-135.85437738931307,-314.9058791776994,6.385590615237788
 2.600151996267139,7.441201796907335,5.113767669908481,-52.02705671865313,0.5268871284446861,-1.372864509648207,-10.806525347053872,-135.77891312625133,-324.9865621401317,6.02558441286056
 2.612106729071444,7.444690416000862,5.108612640023315,-55.91218423402808,0.5144630908107193,-1.039256822995892,-11.334772545395577,-135.7068788746058,-333.26340089088217,5.685097076438961
 2.624172110588017,7.447774561352683,5.103285111656143,-59.93313431128727,0.5059525114296749,-0.7053717588087955,-11.719301914023307,-135.6382860094198,-339.3302519656435,5.362878391950279
 2.6363186935154945,7.450451348298443,5.097783527235895,-64.05483735658974,0.5014452602740451,-0.3710715336601951,-11.930927135715738,-135.573145362302,-342.8574804320199,5.057253585247432
 2.648514669364178,7.452717892173778,5.092106329191499,-68.23631890747909,0.5010035339411494,-0.036219023256218494,-11.951975003284062,-135.51146721971566,-343.63428887752866,4.766152646121411
 2.6607270139286268,7.454571308314333,5.086251959951886,-72.43289924741083,0.5046589481254988,0.2993212454052974,-11.77945773967358,-135.45326132135446,-341.59847747480524,4.487175792607796
 2.6729227613829925,7.4560087120557474,5.0802188619459825,-76.59894800948939,0.5124115576086742,0.6356813727230934,-11.425715897508256,-135.39853685860447,-336.8460758817179,4.2176888994870625
 2.6850702636603265,7.457027218733665,5.074005477602719,-80.6907864833736,0.5242309333350449,0.9729881465776204,-10.916312686440067,-135.34730247309287,-329.61822457031093,3.9549371066277828
 2.6971402957450117,7.457623943683724,5.067610249351024,-84.6692890296342,0.5400591087351226,1.31136150169485,-10.28581393722677,-135.29956625532296,-320.2687148686111,3.696161987787771
 2.7091069011243674,7.457796002241569,5.061031619619827,-88.50181835582025,0.5598149427206214,1.6509138021364635,-9.572652231597248,-135.25533574339693,-309.2202309901568,3.4387083080653333
 2.7209479233698723,7.457540509742837,5.054268030838057,-92.1633019897349,0.5833992995548621,1.991750065598746,-8.814332881085441,-135.21461792182532,-296.91888989433977,3.1801099700742093
 2.7326452236994623,7.4568545815231735,5.047317925434642,-95.63645141835744,0.6107004348300333,2.3339689078606636,-8.043865426825313,-135.17741922042424,-283.795105981817,2.9181498073575765
 2.744184626864961,7.455735332918216,5.040179745838512,-98.91127756267706,0.6415990777194036,2.677663865818735,-7.287755480855271,-135.14374551329982,-270.18329955356484,2.650381591679907
 2.7555578553365505,7.454179879263609,5.032851934478596,-101.98413395770766,0.6757187631341725,3.0000000000000293,-6.565423335253622,-135.11360211792075,-255.72838209913976,2.368933871278
 2.7667900488412944,7.452185335894992,5.025332933783822,-104.8565246301003,0.7094153436484044,3.00000000000002,-5.889656391152129,-135.0869937942786,-240.38092666191855,2.0712146770298494
 2.777927981764552,7.449748818148007,5.01762118618312,-107.53387126729122,0.7428291424181775,3.00000000000006,-5.267647656843374,-135.0639247441362,-224.7731049078887,1.7622757921034953
 2.7890080487210387,7.446867441358295,5.009715134105419,-110.02437231968804,0.7760693432876379,3.0,-4.702247296661051,-135.04439861036388,-209.36861674700404,1.4460839966393753
 2.8000586751275374,7.443538320861497,5.001613219979647,-112.3380266846046,0.8092212225071334,2.99999999999995,-4.19317712729149,-135.0284184763646,-194.4886961540994,1.1257025718483447
 2.8111020991089313,7.439758571993256,4.993313886234734,-114.48584781582281,0.8423514944513152,3.00000000000001,-3.7380743093402145,-135.01598686558674,-180.34058143525638,0.8034587718506994
 2.8221557147667866,7.43552531008921,4.984815575299609,-116.47926329052228,0.875512341424881,2.99999999999998,-3.2089210743237726,-135.00710574112577,-122.8992100911744,0.3202704170774723
 2.844342406845971,7.425686708516275,4.96721579157444,-119.20599022159014,0.9420724176624332,2.99999999999998,-1.95518102002839,-135.0,-146.6632766753291,0.43824110609475797
 2.856503557792969,7.41967364319953,4.957204248346307,-120.9895844676202,0.9785558705034281,2.9999999999999907,-0.39016279870327636,-134.9946704837576,-22.351753696861763,1.3740865876578234
 2.86813871039431,7.4136617897217745,4.947296884183485,-121.24965053279078,1.0134613283074514,3.000000000000038,-0.39855575199040955,-134.97868277662275,-23.616417410643393,2.3868643144366835
 2.8793012105925064,7.407650961041736,4.937493200194476,-121.51326879681778,1.0469488289020408,3.00000000000004,-0.40710671219141564,-134.95203940323978,-24.892118218562864,3.474275142854581
 2.890035775588115,7.401640970118143,4.927792697487777,-121.78047485771332,1.0791525238888675,3.0000000000000413,-0.41581677909077686,-134.91474457090618,-26.180790552062252,4.6343546947565715
 2.9003803446069916,7.395631629909718,4.918194877171888,-122.05130385254786,1.1101862309454964,2.9999999999999787,-0.4246869244031437,-134.86680416890832,-27.48410086427315,5.86540462165132
 2.910367447815634,7.389622753375191,4.908699240355308,-122.3257904044761,1.1401475405714234,3.000000000000022,-0.43371798217004187,-134.80822576759144,-28.80349890369464,7.165940197420408
 2.9200252384921757,7.383614153473287,4.899305288146536,-122.60396856763998,1.1691209126010484,2.999999999999954,-0.44291063805383873,-134.73901861716413,-30.140255902593168,8.534649602958316
 2.929378284562009,7.377605643162735,4.890012521654071,-122.88587176965349,1.1971800508105486,3.0000000000000475,-0.45226541875200454,-134.65919364623778,-31.49549342200052,9.970361757188323
 2.938448184766183,7.37159703540226,4.880820441986414,-123.17153275187225,1.2243897514230706,2.9999999999999756,-0.46178268077781387,-134.56876346010057,-32.870205324630575,11.47202050933242
 2.947254054777585,7.36558814315059,4.871728550252062,-123.46098350720905,1.2508073614572779,3.0000000000000755,-0.47146259892490505,-134.46774233872725,-34.26527467141975,13.038663643080666
 2.9558129153524204,7.359578779366451,4.862736347559514,-123.75425521568016,1.276483943181783,2.9999999999999223,-0.48130515453100603,-134.35614623452395,-35.68148675077772,14.669405573012394
 2.964140005642942,7.3535687570085715,4.853843335017271,-124.05137817755396,1.3014652140533487,3.00000000000008,-0.49131012298871063,-134.2339927698092,-37.119539146472576,16.363422911189268
 2.9722490386061713,7.347557889035676,4.845049013733831,-124.35238174407257,1.3257923129430367,3.0000000000000546,-0.5014770615659868,-134.1013012340311,-38.580049522480394,18.119942291034594
 2.9801524110899007,7.341545988406493,4.8363528848176935,-124.65729424588946,1.3495024303942253,3.0000000000000564,-0.5118052962732457,-133.95809258072137,-40.06356158025071,19.938229985428535
 2.9878613780667704,7.335532868079748,4.827754449377358,-124.9661429190874,1.3726293313248352,3.0000000000000866,-0.5222939089119001,-133.80438942418647,-41.57054958681277,21.817582965024894
 2.9953861982319085,7.329518341014169,4.819253208521324,-125.27895382889413,1.3952037918202498,3.0000000000000293,-0.532941723761081,-133.64021603593667,-43.1014217355081,23.757321123255736
 3.002736256522474,7.323502220168482,4.8108486633580885,-125.59575179105636,1.4172539666919455,2.9999999999999094,-0.5437472938875292,-133.46559834085306,-44.6565225825967,25.75678045427757
 3.0099201678846708,7.317484318501416,4.802540314996154,-125.91656029103366,1.4388057007785353,2.9999999999999383,-0.5547088873445396,-133.28056391309397,-46.236134688514575,27.81530701590299
 3.0169458656863077,7.311464448971695,4.794327664544017,-126.24140140087096,1.4598827941834456,2.999999999999905,-0.5658244737005194,-133.08514197174048,-47.84047965613985,29.932251544071832
 3.02382067746767,7.305442424538047,4.786210213110178,-126.57029569403701,1.4805072295275332,3.0000000000000644,-0.5770917094625255,-132.8793633761826,-49.46971861591974,32.10696461231252
 3.0305513901820613,7.2994180581591985,4.778187461803135,-126.90326215810255,1.5006993676707066,2.999999999999967,-0.588507924685909,-132.663260621246,-51.123952306320376,34.33879225063347
 3.037144306657772,7.293391162793876,4.77025891173139,-127.24031810556633,1.5204781170978392,3.0000000000000338,-0.6000701084733421,-132.43686783206078,-52.80322074708139,36.62707195476335
 3.043605294685431,7.287361551400808,4.762424064003438,-127.58147908263507,1.5398610811808155,2.999999999999931,-0.6117748956469942,-132.20022075867286,-54.50750267597151,38.97112902997091
 3.0499398298764597,7.28132903693872,4.754682419727781,-127.92675877651108,1.5588646867539009,2.9999999999998948,-0.6236185523351645,-131.9533567703984,-56.23671465079451,41.37027322383922
 3.056153033233487,7.2752934323663405,4.747033480012918,-128.2761689207676,1.577504296824984,3.000000000000107,-0.635596963179041,-131.69631484992289,-57.99071003752775,43.82379561131549
 3.062249704209852,7.269254550642393,4.739476745967348,-128.6297191995522,1.595794309754079,3.0,-0.6477056174721314,-131.42913558714523,-59.76927775105639,46.330965702055174
 3.0682343499036193,7.263212204725607,4.73201171869957,-128.98741715026463,1.6137482468353803,3.0,-0.6599395968841758,-131.15186117276835,-61.57214093574448,48.89102874585909
 3.0741112109250026,7.257166207574709,4.7246378993180835,-129.349268065333,1.6313788298995304,3.0000000000000377,-0.6722935625985921,-130.86453539163648,-63.398955487695964,51.50320321655498
 3.0798842843892875,7.251116372148426,4.717354788931385,-129.71527489292242,1.6486980502923847,2.999999999999923,-0.6847617440386933,-130.5672036158213,-65.24930856513537,54.166678459065054
 3.0855573444163404,7.245062511405484,4.710161888647979,-130.08543813713612,1.665717230373544,3.000000000000078,-0.697337927194888,-130.25991279745696,-67.12271699288107,56.88061248686919
 3.09113396045936,7.23900443830461,4.703058699576361,-130.45975575756972,1.6824470785026027,2.9999999999999205,-0.7100154447713384,-129.9427114613259,-69.01862572958771,59.644129920932656
 3.0966175137371637,7.232941965804532,4.69604472282503,-130.83822306891867,1.698897738336013,3.0,-0.7227871664301648,-129.61564969719623,-70.93640628804148,62.45632006246085
 3.102011212004167,7.226874906863975,4.689119459502486,-131.22083264058193,1.7150788331370244,3.0000000000001235,-0.7356454903008601,-129.27877915191192,-72.87535520098041,65.31623509456017
 3.1073181028586827,7.220803074441666,4.682282410717228,-131.6075741966176,1.730999505700571,3.0,-0.7485823357523,-128.9321530212372,-74.8346925808652,68.22288840934594
 3.112541085762058,7.2147262814963335,4.675533077577757,-131.9984345165468,1.7466684544106965,2.9999999999998725,-0.7615891369333124,-128.5758260414563,-76.81356072110874,71.17525305836809
 3.117682922917539,7.208644340986703,4.66887096119257,-132.39339733710742,1.762093965877139,2.999999999999914,-0.7746568383512336,-128.20985448073003,-78.81102284524647,74.1722603259216
 3.122746249137739,7.202557065871503,4.662295562670167,-132.79244325552054,1.7772839445377389,2.999999999999956,-0.7877758910676499,-127.83429613021029,-80.82606195038385,77.21279842520607
 3.1277335808126696,7.196464269109457,4.655806383119047,-133.19554963444557,1.7922459395625305,3.0000000000000444,-0.800936251181002,-127.44921029491424,-82.85757983287259,80.29571131891277
 3.1326473240758417,7.190365763659296,4.649402923647709,-133.6026905091521,1.8069871693520472,3.0000000000000906,-0.8141273796941191,-127.05465778435932,-84.90439629604263,83.41979766603389
 3.1374897822536445,7.184261362479743,4.643084685364652,-134.01383649732728,1.8215145438854552,2.999999999999908,-0.8273382440379252,-126.65070090296078,-86.96524852289019,86.58380989780161
 3.1422631626726356,7.178150878529528,4.636851169378376,-134.42895471175913,1.835834685142428,2.999999999999907,-0.8405573220288257,-126.23740344019296,-89.03879072201154,89.78645342555167
 3.1469695828903244,7.172034124767376,4.630701876797381,-134.84800867657177,1.8499539457954948,3.000000000000094,-0.8537726073706308,-125.81483066051638,-91.03063949990414,92.93149048094432
 3.1516158159939827,7.165910914152014,4.624636308730163,-135.2709582472634,1.860089974398497,2.1815583456244436,-0.866971617552435,-125.38304929307151,-92.34168716773186,95.39676071170608
 3.156237794441053,7.159781059642169,4.6186539662852235,-135.69775953511876,1.846224039057286,-3.000000000000096,-0.8801414040736882,-124.94212752114169,-93.04586477988963,97.23509165517548
 3.160865676639709,7.153644374196569,4.612754350571063,-136.12836483639217,1.8326081005368648,-2.9421532216993675,-0.8932685647709647,-124.49213497138601,-93.74011258047193,99.05657001116856
 3.165499314453836,7.147500670773939,4.606936962696177,-136.56272256674558,1.8193457108425153,-2.8621981748153504,-0.9063392588272922,-124.03314270284454,-94.42646010003524,100.86409129324763
 3.1701384233887175,7.1413497623330064,4.601201303769068,-137.00077720148488,1.8064366355470174,-2.782662678695496,-0.919339224078715,-123.56522319571732,-95.10434277452889,102.65788605361338
 3.174782712046186,7.135191461832499,4.5955468748982335,-137.44246922190862,1.793880656630568,-2.7035311201550964,-0.9322537970417444,-123.08845033991884,-95.77318899798341,104.438191379117
 3.17943188214476,7.129025582231143,4.589973177192173,-137.88773506844313,1.7816775720207396,-2.6247877257860153,-0.945067935497719,-122.6028994234099,-96.43242096196005,106.20525058193215
 3.184085628549884,7.122851936487665,4.5844797117593865,-138.33650710083228,1.7698271952034794,-2.546416539631796,-0.9577662436613602,-122.10864712030892,-97.08145557938522,107.95931287705126
 3.188743639314527,7.116670337560791,4.579065979708372,-138.78871356596824,1.7583293548421515,-2.468401414741933,-0.97033300001209,-121.60577147878415,-97.719705453321,109.70063304000399
 3.1934055957306655,7.110480598409249,4.573731482147629,-139.2442785737895,1.7471838942293603,-2.3907260424419494,-0.9827521879863409,-121.09435190872887,-98.34657989509402,111.42947105538929
 3.198071172391697,7.1042825319917675,4.568475720185657,-139.70312208164032,1.736390671138406,-2.313373860321038,-0.9950075288895053,-120.57446916922176,-98.96148599975623,113.1460917603323
 3.202740037265675,7.09807595126707,4.5632981949309555,-140.16515988750123,1.7259495575710424,-2.2363280688540903,-1.0070825175194273,-120.04620535577406,-99.5638297523211,114.85076445377231
 3.2074118517804515,7.091860669193886,4.558198407492022,-140.6303036324849,1.715860438997117,-2.1595717342831606,-1.0189604609404437,-119.50964388736574,-100.15301722111396,116.54376251408148
 3.212086270920019,7.08563649873094,4.553175858977359,-141.0984608130687,1.7061232148398717,-2.083087516654768,-1.0306245182836473,-118.9648694932727,-100.72845572681194,118.22536299911437
 3.216762943332434,7.079403252836961,4.548230050495461,-141.56953480311145,1.6967377975866584,-2.006857959154501,-1.0420577445124402,-118.411968199687,-101.28955514113491,119.89584623044757
 3.2214415114496027,7.073160744470674,4.5433604831548315,-142.04342488639693,1.6877041132171318,-1.9308652013372247,-1.0532431348653037,-117.85102731613227,-101.83572910534485,121.5554953778764
 3.226121611618559,7.066908786590807,4.538566658063968,-142.52002629938866,1.679022100712667,-1.8550911713500546,-1.064163672480074,-117.28213542167671,-102.36639640111261,123.20459602486636
 3.2308028742446306,7.060647192156087,4.5338480763313695,-142.99923028502684,1.6706917122967522,-1.7795174253885835,-1.0748023770355075,-116.70538235094524,-102.88098224987704,124.84343573545647
 3.2354849239460677,7.054375774125241,4.529204239065535,-143.4809241572534,1.6627129133238676,-1.7041252190115928,-1.0851423555337656,-116.12085917993367,-103.37891968618082,126.47230360790539
 3.2401673797202815,7.048094345456994,4.524634647374965,-143.96499137666996,1.6550856824723852,-1.6288954384759988,-1.0951668541913506,-115.52865821162672,-103.85965091920933,128.09148982698053
 3.2448498551213762,7.041802719110075,4.520138802368157,-144.45131163726543,1.6478100118819594,-1.55380860916529,-1.1048593116492178,-114.9288729614223,-104.3226287242801,129.70128520928233
 3.2495319584488653,7.03550070804321,4.515716205153611,-144.9397609643478,1.6408859074259154,-1.4788448634595217,-1.1142034129993896,-114.32159814236431,-104.76731781642303,131.30198074944968
 3.254213292947168,7.029188125215125,4.511366356839826,-145.43021182353644,1.634313389110653,-1.4039839104951177,-1.123183144353954,-113.70692965018645,-105.19319623437399,132.89386716290952
 3.258893457015649,7.022864783584548,4.507088758535302,-145.92253324080124,1.6280924914645762,-1.3292050353473406,-1.1317828478490726,-113.08496454816911,-105.59975670424558,134.47723442572806
 3.2635720444289307,7.016530496110205,4.502882911348537,-146.41659093336335,1.6222232640531584,-1.254487069057646,-1.1399872765958412,-112.45580105181196,-105.98650799196538,136.0523713173727
 3.2682486445669996,7.010185075750824,4.4987483163880295,-146.912247451272,1.6167057721021143,-1.179808362517481,-1.14778164928125,-111.81953851332453,-106.35297624011943,137.61956497476697
 3.27292284265435,7.003828335465131,4.494684474762281,-147.40936232939762,1.6115400974190868,-1.105146719606725,-1.1551517038184467,-111.17627740593746,-106.69870623240281,139.17910043830182
 3.277594220008087,6.997460088211852,4.49069088757979,-147.90779224936466,1.606726338922009,-1.030479478012428,-1.1620837506973296,-110.52611930803651,-107.02326269097351,140.73126020624014
 3.2822623542943252,6.991080146949717,4.486767055949055,-148.4073912113575,1.6022646138527403,-0.9557833591938282,-1.168564724173817,-109.86916688712225,-107.32623146334892,142.27632380814035
 3.286926819791899,6.984688324637449,4.482912480978576,-148.90801071500292,1.5981550588030797,-0.8810345047676186,-1.174582232197462,-109.20552388359754,-107.60722067236668,143.81456737052173
 3.291587187663291,6.978284434233776,4.47912666377685,-149.4094999489542,1.5943978307790059,-0.8062084641725273,-1.180124604441566,-108.53529509438583,-107.86586185673649,145.34626320547582
 3.2962430262316804,6.9718682886974275,4.475409105452379,-149.91170598879935,1.5909931087623304,-0.7312800834186288,-1.1851809374362001,-107.85858635638249,-108.10181096485314,146.87167941225994
 3.3008939012633687,6.965439700987127,4.471759307113661,-150.4144740022961,1.5879410950506152,-0.6562235473799162,-1.189741137548146,-107.17550452974189,-108.31474934254928,148.3910794797728
 3.305539376255232,6.958998484061603,4.468176769869195,-150.9176474616168,1.5852420167985024,-0.5810123306745567,-1.1937959609000992,-106.48615748100302,-108.50438462750672,149.90472192077556
 3.3101790127258868,6.95254445087958,4.46466099482748,-151.42106836176055,1.5828961280061913,-0.50561909476067,-1.1973370495763538,-105.790654066056,-108.67045153342309,151.41285991445162
 3.3148123705100256,6.946077414399789,4.461211483097016,-151.92457744427884,1.580903711158444,-0.4300157554350192,-1.2003569650569519,-105.08910411295265,-108.81271260346894,152.9157409679756
 3.3194390080550624,6.939597187580953,4.457827735786302,-152.42801442578735,1.5792650795309766,-0.3541733303109745,-1.2028492171228835,-104.3816184045631,-108.93095880110586,154.41360659827
 3.3240584827192134,6.933103583381801,4.4545092540038365,-152.93121823011072,1.5779805791427768,-0.27806200522498054,-1.204808289570483,-103.66830866108221,-109.02501008536044,155.90669203630213
 3.3286703510701074,6.926596414761059,4.451255538858119,-153.4340272235793,1.5770505914205073,-0.2016509690891787,-1.2062296609458336,-102.94928752238741,-109.09471581961158,157.39522596070006
 3.333274169182842,6.920075494677455,4.448066091457649,-153.93627945227323,1.576475535607461,-0.12490845619112749,-1.207109821627088,-102.22466853025162,-109.13995511556638,158.8794302401956
 3.33786949293705,6.913540636089714,4.444940412910926,-154.437812880549,1.5762558714686248,-0.04780166764854544,-1.2074462863093354,-101.49456611041381,-109.16063707646022,160.35951971211304
 3.342455878311766,6.906991651956564,4.4418780043264485,-154.9384656299312,1.5763921022694165,0.029703304380555094,-1.2072376018498787,-100.75909555450964,-109.15670091641432,161.83570198581396
 3.3470328816772463,6.900428355236731,4.438878366812715,-155.43807621739032,1.5768847778283912,0.1076415111884043,-1.2064833507417676,-100.01837300186573,-109.12811600165651,163.30817727599475
 3.3516000600828035,6.893850558888943,4.435941001478227,-155.93648379223225,1.5777344979039016,0.1860492409222543,-1.2051841498158335,-99.2725154211599,-109.07488174515333,164.77713825349275
 3.35615697154011,6.887258075871927,4.433065409431482,-156.43352837056108,1.5789419154312612,0.26496400877475196,-1.2033416449446082,-98.52164059195037,-108.99702746519475,166.2427699335362
 3.3607031753008836,6.880650719144408,4.430251091780978,-156.9290510667365,1.5805077404692347,0.34442473773043386,-1.2009585005037227,-97.76586708607712,-108.89461208222689,167.7052496078634
 3.3652382321277723,6.874028301665114,4.427497549635218,-157.4228943206714,1.5824327441016544,0.42447177751029624,-1.198038384851579,-97.0053142489379,-108.7677237063381,169.1647467678276
 3.369761704558738,6.867390636392773,4.424804284102697,-157.9149021202359,1.5847177620586614,0.5051468737523059,-1.194585952314285,-96.24010218064234,-108.61647923941659,170.62142309506413
 3.3742731571631794,6.860737536286109,4.422170796291916,-158.40492021838583,1.587363699738884,0.5864935115616039,-1.190606819297741,-95.47035171704661,-108.44102370803573,172.07543248109974
 3.378772156789169,6.854068814303851,4.419596587311375,-158.89279634349018,1.590371536223308,0.6685567313783541,-1.1861075383806892,-94.69618441067217,-108.24152966749308,173.52692105224676
 3.3832582728018346,6.847384283404725,4.417081158269572,-159.37838040296694,1.593742329253005,0.7513833837957669,-1.1810955676256736,-93.91772251151112,-108.01819642633133,174.97602725643154
 3.387731077311464,6.840683756547459,4.414624010275007,-159.8615246790647,1.5974772202763972,0.835022191412866,-1.1755792367191098,-93.13508894772151,-107.77124921722323,176.42288196494007
 3.392190145391205,6.833967046690779,4.412224644436179,-160.34208401636303,1.6015774395812656,0.9195238178795605,-1.169567710183414,-92.3484073062157,-107.5009383027659,177.8676086100741
 3.396635055283734,6.827233966793411,4.409882561861586,-160.81991600048113,1.6060443119144359,1.0049410316907368,-1.1630709473582437,-91.55780181314435,-107.20753799639408,179.31032336533661
 3.401065388596144,6.820484329814083,4.407597263659729,-161.29488112740805,1.6108792623141786,1.0913288140643955,-1.156099659874227,-90.76339731427984,-106.89134561771364,180.75113534592447
 3.4054807304829375,6.813717948711522,4.405368250939106,-161.76684296304964,1.6160838220466398,1.1787444474070032,-1.1486652670934043,-89.96531925530152,-106.55268040388279,182.19014684030006
 3.409880669816746,6.806934636444454,4.403195024808216,-162.2356682926814,1.621659634982169,1.2672476851409495,-1.1407798493597463,-89.16369366198657,-106.19188237081703,183.62745359426026
 3.414264799345964,6.800134205971606,4.40107708637556,-162.70122725994653,1.6276084644661666,1.3569009410765975,-1.1324560993374004,-88.35864712030887,-105.80931109384044,185.06314510418287
 3.4186327158395695,6.793316470251705,4.399013936749634,-163.16339349505034,1.6339321999072196,1.4477693083900574,-1.123707272870838,-87.55030675644977,-105.40534451948432,186.49730495549247
 3.4229840202185797,6.786481242243478,4.397005077038941,-163.6220442322291,1.6406328645072568,1.539920910235507,-1.1145471377074625,-86.73880021672333,-104.98037765550704,187.93001119429786
 3.427318317673933,6.779628334905652,4.395050008351977,-164.07706041596336,1.6477126225492638,1.6334268967310446,-1.104989922642357,-85.92425564741937,-104.5348213278124,189.36133672232052
 3.431635217770863,6.772757561196953,4.393148231797244,-164.52832679628597,1.6551737876797934,1.7283617788226218,-1.0950502654253058,-85.10680167456798,-104.06910084295059,190.79134973389276
 3.4359343345394397,6.765868734076109,4.3912992484832385,-164.9757320128106,1.6630188311105205,1.8248035243119185,-1.0847431612391112,-84.28656738362763,-103.58365469018356,192.22011417411915
 3.4402152865514695,6.758961666501846,4.38950255951846,-165.41916866776995,1.671250390512253,1.9228338413047956,-1.074083911014111,-83.46368229910135,-103.07893321857378,193.64769024795774
 3.444477696983328,6.752036171432891,4.38775766601141,-165.85853338802565,1.6798712793711565,2.022538419685825,-1.063088070213933,-82.63827636408315,-102.55539728840257,195.07413494051218
 3.448721193665228,6.745092061827971,4.386064069070586,-166.29372687612988,1.6888844964035519,2.1240070885032667,-1.0517713988936235,-81.81047991973861,-102.01351699044248,196.49950257457476
 3.4529454091168734,6.738129150645813,4.384421269804487,-166.7246539508776,1.698293235938239,2.227334197885606,-1.040149812138472,-80.98042368472241,-101.45377031274846,197.92384541027107
 3.457149980569399,6.731147250845144,4.382828769321613,-167.15122357728566,1.7081008984983321,2.3326188342458414,-1.0282393321385028,-80.14823873453633,-100.8766418605462,199.34721427314713
 3.4613345499738264,6.724146175384689,4.3812860687304624,-167.57334888643672,1.7183111021669273,2.439965186810386,-1.0160560414070416,-79.31405648083106,-100.2826215828956,200.76965920658955
 3.4654987639964054,6.717125737223177,4.379792669139535,-167.9909471854532,1.7289276941451905,2.5494827885162383,-1.0036160380920973,-78.47800865065456,-99.67220353790484,202.19123016596615
 3.4696422740008495,6.710085749319334,4.37834807165733,-168.40393995797749,1.7399547634726193,2.661287004400134,-0.990935392425924,-77.64022726565103,-99.04588466818359,203.61197775154054
 3.473764736017609,6.703026024631887,4.376951777392346,-168.81225285543843,1.7513966539420796,2.7754993067112985,-0.9780301056666901,-76.80084462121299,-98.40416362165348,205.03195396042213
 3.4778658107007527,6.695946376119563,4.375603287453083,-169.2158156795831,1.763257977933601,2.892247741860068,-0.9649160708409737,-75.95999326559044,-97.74622948145526,206.4484458762745
 3.4819452179496464,6.688846616741088,4.374302102948039,-169.6145623566818,1.7754961996802823,3.0000000000000546,-0.9516090355009758,-75.11780597895994,-97.05918785653473,207.83271737629104
 3.486003242293215,6.681726559455191,4.373047724985714,-170.0084309037706,1.7876702727109883,3.0000000000000546,-0.9381245671603262,-74.27441575245693,-96.33209644472801,209.1586693158992
 3.4900406555548495,6.674586017220596,4.3718396546746074,-170.3973633874776,1.799782512495892,3.0,-0.924478020399791,-73.42995576717509,-95.56644152751397,210.42611202493032
 3.4940582006489658,6.667424802996032,4.370677393123218,-170.7813058757986,1.8118351477782406,3.0,-0.9106845069918265,-72.58455937313538,-94.76371800195176,211.63489471831895
 3.4980565928140814,6.660242729740224,4.369560441440045,-171.16020838339483,1.8238303242735872,2.999999999999889,-0.8967588676962875,-71.73836006822857,-93.92542543381829,212.78490425432437
 3.5020365207796575,6.6530396104119,4.368488300733588,-171.53402481075753,1.835770108170316,3.0000000000001115,-0.8827156469255931,-70.89149147713435,-93.05306430595857,213.87606386249487
 3.505998647871442,6.645815257969788,4.367460472112346,-171.90271287781775,1.8476564894456702,3.000000000000056,-0.8685690696795079,-70.04408733022049,-92.14813243853412,214.90833184923466
 3.5099436130596233,6.638569485372612,4.3664764566848175,-172.26623405244365,1.8594913850102128,2.9999999999998312,-0.8543330204711487,-69.19628144242519,-91.21212158270818,215.88170028661602
 3.5138720319537353,6.631302105579102,4.3655357555595025,-172.62455347424122,1.8712766416925493,3.0000000000001132,-0.8400210249814221,-68.34820769212622,-90.24651422781928,216.79619369035126
 3.5177844977479356,6.624012931547981,4.3646378698449,-172.97763987420336,1.8830140390751495,2.9999999999998863,-0.8256462336148949,-67.49999999999991,-89.25278058276822,217.65186769402933
 3.5216815821199323,6.61670177623798,4.3637823006495084,-173.32546549056974,1.8947052921911398,3.0,-0.8112214077211268,-66.6517923078736,-88.2323757943949,218.44880772277781
 3.5255638360866155,6.609368452607822,4.362968549081828,-173.66800598148743,1.9063520540911891,2.9999999999999427,-0.7967589070663401,-65.80371855757464,-87.18673729723186,219.18712767351502
 3.5294317908191495,6.602012773616237,4.362196116250359,-174.00524033463043,1.9179559182887918,3.0000000000001723,-0.7822706804031206,-64.95591266977934,-86.11728245262648,219.86696860460026
 3.5332859584200946,6.59463455222195,4.361464503263598,-174.3371507745408,1.9295184210916279,3.0000000000001728,-0.7677682571083934,-64.10850852286546,-85.02540631765868,220.4884974405931
 3.5371268326648946,6.587233601383689,4.360773211230045,-174.6637226678199,1.9410410438260277,3.0,-0.7532627412990454,-63.26163993177125,-83.91247963807655,221.0519056947028
 3.5409548897099015,6.57980973406018,4.3601217412582,-174.98494442666245,1.952525214961049,3.000000000000174,-0.7387648072781343,-62.415440626864445,-82.77984703230427,221.55740821331023
 3.544770588768927,6.57236276321015,4.359509594456561,-175.30080741108992,1.963972312138126,3.0,-0.724284696936549,-61.57004423282475,-81.62882537364318,222.00524194523712
 3.5485743727601635,6.564892501792325,4.358936271933629,-175.61130583026963,1.9753836641118359,3.000000000000175,-0.7098322185499918,-60.7255842475429,-80.46070232324197,222.39566473884324
 3.552366668925169,6.557398762765435,4.358401274797902,-175.91643664312372,1.9867605526068521,2.999999999999824,-0.695416747251452,-59.8821940210399,-79.2767350896553,222.72895416895764
 3.5561478894215024,6.549881359088203,4.357904104157878,-176.2161994587271,1.9981042140958518,3.0,-0.6810472267363077,-59.040006734409374,-78.07814932849922,223.00540639657186
 3.559918431890447,6.542340103719358,4.357444261122059,-176.51059643666682,2.0094158415026864,3.0000000000001177,-0.6667321719812545,-58.19915537878683,-76.86613817974583,223.2253350619779
 3.5636786800011957,6.534774809617626,4.357021246798943,-176.79963218753772,2.0206965858349326,3.000000000000118,-0.6524796737406011,-57.3597727343488,-75.64186154759773,223.38907021425138
 3.567429003972731,6.527185289741734,4.356634562297027,-177.08331367415127,2.031947557749539,3.0,-0.6382974036260545,-56.521991349345264,-74.40644544115754,223.49695727714624
 3.571169761074582,6.519571357050409,4.356283708724813,-177.36165011335873,2.0431698290550915,3.0000000000001186,-0.624192620202646,-55.685943519168774,-73.16098149302955,223.54935605302208
 3.574901296107532,6.511932824502378,4.3559681871908005,-177.63465287884497,2.0543644341539418,3.0,-0.6101721760833961,-54.85176126546349,-71.90652662186707,223.54663976548545
 3.578623941865299,6.504269505056367,4.355687498803486,-177.90233540512963,2.0655323714272424,2.9999999999998805,-0.5962425258310201,-54.019576315277426,-70.64410281332574,223.4891941413724
 3.5823380195781174,6.496581211671105,4.35544114467137,-178.16471309293067,2.076674604565698,3.0000000000001195,-0.5824097344335735,-53.18952008026121,-69.37469699986806,223.37741653171094
 3.5860438393391183,6.488867757305315,4.355228625902953,-178.42180321598622,2.087792063848701,3.0,-0.5686794862887659,-52.36172363591666,-68.09926105697241,223.21171507320105
 3.5897417005143146,6.481128954917729,4.355049443606732,-178.67362482950836,2.0988856473742903,3.00000000000012,-0.5550570952467584,-51.536317700898486,-66.81871195082498,222.9925078881972
 3.5934318921369806,6.473364617467069,4.354903098891207,-178.92019868058662,2.109956222242288,3.0,-0.5415475141853827,-50.713432616372195,-65.53393187939652,222.7202223253279
 3.597114693287126,6.465574557912064,4.354789092864878,-179.16154712028563,2.1210046256927235,2.999999999999879,-0.5281553459495223,-49.89319832543186,-64.2457686048193,222.39529423787278
 3.600790373456766,6.4577585892114415,4.354706926636244,-179.3976940179296,2.132031666201644,3.000000000000121,-0.5148848537630375,-49.07574435258045,-62.95503577005388,222.01816730147365
 3.6044591929016083,6.4499165243239265,4.354656101313803,-179.62866467731354,2.143038124536172,3.0000000000001212,-0.5017399727844403,-48.261199783276524,-61.6625133970678,221.58929236966753
 3.608121402979759,6.442048176208248,4.354636118006056,-179.8544857553204,2.154024754770624,3.0,-0.4887243203476589,-47.449693243550044,-60.36894829784867,221.1091268660864
 3.611777246478018,6.434153357823131,4.354646477821499,179.9248148175482,2.1649922852654004,2.9999999999998783,-0.4758412086579954,-46.64135287969094,-59.07505473033394,220.57813421370716
 3.6154269579262874,6.426231882127303,4.354686681868635,179.70920791399175,2.1759414196102096,3.0000000000002434,-0.46309365475368025,-45.836306338013266,-57.781514890366,219.9967832990713
 3.6190707639006012,6.418283562079491,4.354756231255961,179.49866328482935,2.186872837533151,3.0,-0.4504843931482862,-45.03468074469829,-56.48897968818549,219.36554797124268
 3.6227088833152457,6.410308210638423,4.354854627091977,179.2931496311123,2.1977871957770847,3.000000000000122,-0.43801588641172956,-44.23660268572,-55.198069327987575,218.68490657407395
 3.626341527704425,6.4023056407628225,4.354981370485182,179.09263467427442,2.2086851289446234,3.000000000000122,-0.4256903370257197,-43.442198186855464,-53.909374105029116,217.95534151127998
 3.6299689014938874,6.394275665411419,4.355135962544074,178.89708522363955,2.2195672503130104,3.0,-0.41350969835433493,-42.65159269378414,-52.62345512281489,217.1773388423208
 3.6335912022629238,6.3862180975429395,4.355317904377154,178.70646724167884,2.2304341526201195,3.0,-0.4014756860577163,-41.86491105227833,-51.340845089491694,216.35138790863473
 3.637208620997118,6.37813275011611,4.3555266970929205,178.52074590682273,2.241286408822702,3.0,-0.38958978874283634,-41.08227748848872,-50.06204909329456,215.47798098913725
 3.6408213423322056,6.370019436089656,4.355761841799873,178.3398856739852,2.252124572827965,3.0,-0.37785327904995913,-40.30381558932766,-48.78754543758572,214.5576129832351
 3.6444295447893933,6.3618779684223075,4.35602283960651,178.16385033265712,2.2629491801995276,2.999999999999877,-0.36626722427349495,-39.52964828295322,-47.51778644198535,213.59078112041877
 3.6480334010024653,6.353708160072789,4.356309191621331,177.99260306275676,2.2737607488387437,3.0,-0.35483249653710086,-38.75989781935749,-46.25319928874362,212.57798469569838
 3.651633077936984,6.345509823999827,4.356620398952835,177.82610648812937,2.2845597796423,3.0000000000001235,-0.3435497829104471,-37.994685751061944,-44.99418684540754,211.51972482894456
 3.655228737101888,6.337282773162151,4.356955962709522,177.6643227278313,2.295346757137012,2.9999999999998765,-0.33241959555445083,-37.23413291392273,-43.741128494512296,210.4165042473332
 3.6588205347537723,6.329026820518485,4.3573153839998895,177.50721344521392,2.3061221500926643,2.9999999999998765,-0.32144228139349257,-36.47835940804947,-42.4943810014189,209.26882709007782
 3.6624086220941114,6.320741779027557,4.357698163932438,177.3547398947072,2.3168864121136816,3.0,-0.3106180308745701,-35.72748457883995,-41.25427928960669,208.07719873332587
 3.6659931454597,6.312427461648094,4.358103803615668,177.20686296666307,2.327639982210447,2.999999999999876,-0.2999468877630265,-34.981626998134104,-40.02113730305654,206.84212563521973
 3.669574246506545,6.304083681338823,4.358531804158075,177.0635432299712,2.338383285350981,2.999999999999876,-0.2894287576534897,-34.24090444549023,-38.795248825056014,205.5641151992613
 3.6731520623874503,6.295710251058471,4.358981666668162,176.9247409726212,2.3491167329936973,3.0,-0.27906341609042584,-33.50543388958604,-37.57688823871433,204.24367565491877
 3.6767267259235266,6.287306983765763,4.359452892254425,176.79041624043506,2.359840723601926,3.0,-0.2688505172956252,-32.77533146974821,-36.36631136931933,202.8813159550407
 3.6802983657698314,6.2788736924194275,4.359944982025366,176.66052887368528,2.37055564314084,2.9999999999998757,-0.25878960162199693,-32.05071247761243,-35.163756221089294,201.47754568825633
 3.6838671065753568,6.270410189978191,4.360457437089482,176.53503854198354,2.381261865557416,2.9999999999998757,-0.24888010370574912,-31.331691338917643,-33.96944378619987,200.03287500574035
 3.6874330691375627,6.261916289400781,4.360989758555275,176.41390477718298,2.3919597532440338,3.0,-0.23912135859858014,-30.618381595436745,-32.783578729605665,198.54781456153418
 3.6909963705516424,6.253391803645924,4.36154144753124,176.29708700473716,2.4026496574862732,3.000000000000125,-0.2295126106084066,-29.9108958870472,-31.606350192210698,197.0228754650058
 3.69455712435471,6.244836545672345,4.36211200512588,176.18454457308917,2.4133319188954765,3.0,-0.2200530181224961,-29.209345933943837,-30.437932442645167,195.45856924529932
 3.6981154406650796,6.236250328438773,4.362700932447692,176.07623678162457,2.424006867826585,3.000000000000125,-0.21074166104780942,-28.51384251899682,-29.27848561140035,193.85540782564158
 3.7016714263168127,6.227632964903934,4.363307730605175,175.97212290688597,2.434674824781785,3.000000000000125,-0.20157754685566373,-27.824495470257972,-28.128156348069165,192.21390350831769
 3.7052251849896916,6.2189842680265555,4.36393190070683,175.87216222731195,2.445336100800422,3.000000000000125,-0.1925596161478629,-27.141413643617383,-26.98707848509572,190.5345689679323
 3.7087768173347766,6.210304050765364,4.364572943861155,175.77631404646493,2.4559909978356766,2.9999999999998748,-0.18368674823932962,-26.464704905614038,-25.85537367047564,188.81791725329865
 3.7123264210956983,6.2015921260790865,4.365230361176649,175.68453771484414,2.4666398091184414,2.9999999999998748,-0.17495776716529962,-25.794476116402322,-24.733152004528637,187.0644617965629
 3.7158740912258295,6.192848306926449,4.365903653761813,175.5967926502537,2.477282819508835,3.0000000000001252,-0.16637144557578182,-25.1308331128776,-23.6205125908681,185.2747164291466
 3.719419920001476,6.184072406266179,4.366592322725143,175.51303835701347,2.487920305835775,2.9999999999998748,-0.157926510438806,-24.473880691963352,-22.517544186656753,183.4491954038816
 3.7229639971312207,6.175264237057003,4.367295869175141,175.43323444364353,2.498552537225009,3.0000000000001252,-0.1496216470081129,-23.82372259406241,-21.424325686429825,181.58841342227765
 3.7265064098615484,6.166423612257649,4.368013794220306,175.35734063959322,2.509179775415992,3.0,-0.1414555039101552,-23.180461486675338,-20.340926703122626,179.69288566671034
 3.730047243078883,6.157550344826841,4.368745598969134,175.28531681065144,2.5198022750679963,3.0,-0.1334266964091756,-22.54419894818791,-19.267408096735213,177.76312783715008
 3.7335865794081444,6.14864424772331,4.369490784530129,175.21712297320397,2.5304202840557806,3.0000000000001257,-0.1255338104929485,-21.915035451830764,-18.203822417675124,175.79965619078914
 3.7371244993079555,6.13970513390578,4.370248852011787,175.15271930761986,2.5410340437552135,2.9999999999998743,-0.11777540700414008,-21.29307034981342,-17.150214452052037,173.8029875856695
 3.7406610811625964,6.130732816332978,4.371019302522606,175.0920661703855,2.551643789319136,3.0,-0.11015002400622932,-20.678401857635563,-16.106621652504664,171.7736395261193
 3.744196401370827,6.121727107963632,4.371801637171089,175.0351241053711,2.562249749943828,3.0000000000001257,-0.1026561816052822,-20.071127038577583,-15.073074551635413,169.71213021090708
 3.74773053443167,6.1126878217564675,4.372595357065733,174.98185385426962,2.5728521491263563,2.9999999999998743,-0.09529238342207041,-19.471341788373135,-14.049597251676849,167.61897858274338
 3.7512635530272616,6.1036147706702115,4.3733999633150376,174.93221636591886,2.5834512049131315,3.0,-0.0880571199883559,-18.87914082006621,-13.036207772351457,165.49470437922503
 3.7547955281028638,6.0945077676635915,4.374214957027501,174.88617280498656,2.5940471301399377,2.9999999999998743,-0.08094887268299612,-18.29461764905463,-12.032918472841668,163.3398281843919
 3.7583265289441306,6.085366625695335,4.375039839311625,174.84368455973606,2.6046401326637385,3.0000000000001257,-0.07396611376020351,-17.71786457832317,-11.039736392158687,161.15487148099297
 3.761856623251721,6.076191157724168,4.375874111275905,174.8047132491408,2.61523041558651,2.9999999999998743,-0.06710731061013622,-17.148972683867612,-10.056663650586378,158.9403567028562
 3.7653858772133404,6.066981176708817,4.376717274028843,174.76922072911128,2.6258181774713676,3.0,-0.06037092769811024,-16.58803180031289,-9.083697736623963,156.69680728675993
 3.7689143555732976,6.057736495608009,4.377568828678938,174.7371690982192,2.6364036125512396,3.0000000000001257,-0.05375542801098841,-16.035130506727178,-8.120831861226376,154.42474772404842
 3.7724421216996604,6.048456927380471,4.378428276334688,174.70852070266127,2.646986910930328,3.0,-0.04725927437971557,-15.490356112634151,-7.168055259786947,152.12470361135885
 3.77596923764908,6.039142284984929,4.379295118104593,174.68323814062816,2.657568258778587,3.000000000000126,-0.04088093393166789,-14.95379464422582,-6.225353477717336,149.7972017000301
 3.7794957642293663,6.029792381380112,4.3801688550971525,174.66128426611732,2.668147838519446,3.0,-0.03461887643352394,-14.42553083077814,-5.292708642855716,147.44276994439295
 3.783021761059887,6.020407029524746,4.381048988420864,174.64262219221774,2.678725829011008,3.0,-0.0284715782867071,-13.905648091271036,-4.3700997601299605,145.06193754826512
 3.7865472866298533,6.010986042377556,4.381935019184229,174.6272152937701,2.6893024057209076,3.000000000000126,-0.02243752198287912,-13.394228521215753,-3.457502913878502,142.65523500975291
 3.790072398354568,6.001529232897271,4.382826448495745,174.61502720971015,2.699877740895051,2.999999999999874,-0.016515199845846838,-12.891352879690958,-2.55489154489282,140.22319416374225
 3.7935971526296974,5.992036414042617,4.383722777463912,174.60602184481482,2.710452003720439,2.999999999999874,-0.010703109725121635,-12.397100576589986,-1.6622366612366704,137.76634822248437
 3.797121604883631,5.98250739877232,4.384623507197229,174.60016337106754,2.7210253604822396,3.0,-0.004999765418867832,-11.911549660081064,-0.7795070379616684,135.28523181343928
 3.800645809627989,5.972942000045109,4.385528138804194,174.59741622866608,2.7315979747153136,3.0,0.0005962963383059275,-11.43477680428257,0.09333055270877058,132.78038101467314
 3.8041698205063392,5.963340030819709,4.386436173393308,174.5977451265491,2.7421700073503645,3.0,0.006086585109880035,-10.966857297155364,0.9563111923658787,130.25233338746716
 3.807693690341178,5.953701304054847,4.38734711207307,174.60111504271265,2.7527416168548813,3.000000000000126,0.011472503839115649,-10.507865028613907,1.8094715938045205,127.70162800609519
 3.811217471179228,5.94402563270925,4.388260455951978,174.60749122404187,2.7633129593690318,3.0,0.01675551040041121,-10.057872478858219,2.652849968682577,125.12880548441069
 3.814741214335114,5.934312829741646,4.389175706138532,174.61683918596262,2.7738841888366887,3.0,0.02193702572410311,-9.616950706928378,3.486485853419606,122.53440799941518
 3.8182649704334573,5.924562708110761,4.390092363741231,174.6291247117504,2.7844554571317186,2.999999999999874,0.027018457263230433,-9.185169339483537,4.3104199559995005,119.9189793116734
 3.8217887894494473,5.914775080775322,4.391009929868575,174.64431385155822,2.795026914179689,3.0,0.032001195572480004,-8.76259655980694,5.124694043113216,117.2830647820228
 3.825312720747934,5.9049497606940555,4.391927905629062,174.6623729212919,2.8055987080751494,3.000000000000126,0.03688661833794726,-8.349299097039125,5.929350767272969,114.62721138523831
 3.8288368131210873,5.895086560825687,4.392845792131191,174.6832685011086,2.816170985194609,3.0,0.04167608381417106,-7.945342215640586,6.724433582530219,111.95196772003669
 3.8323611148246677,5.885185294128947,4.393763090483463,174.70696743383917,2.8267438903053503,3.0,0.04637093432731305,-7.5507897050856805,7.509986628578434,109.25788401526422
 3.8358856736129585,5.8752457735625585,4.394679301794375,174.73343682321087,2.8373175666702224,2.999999999999874,0.05097249438359527,-7.1657038697896205,8.286054587212364,106.5455121328955
 3.8394105367723874,5.865267812085251,4.3955939271724285,174.76264403176236,2.8478921561485095,3.000000000000126,0.055482072275420936,-6.790145519269892,9.052682643220395,103.81540556685933
 3.8429357511538944,5.855251222655749,4.39650646772612,174.79455667880745,2.858467799293031,3.000000000000126,0.05990095725924884,-6.424173958543618,9.809916330635653,101.06811943848928
 3.8464613632040696,5.845195818232782,4.39741642456395,174.82914263803394,2.869044635443556,2.999999999999874,0.06423042182104761,-6.067846978762733,10.557801506742944,98.3042104879177
 3.8499874189951115,5.835101411775075,4.398323298794419,174.86637003517745,2.879622802816682,3.0,0.0684717204673514,-5.721220848088007,11.296384234565064,95.52423706185627
 3.8535139642536325,5.824967816241355,4.399226591526024,174.90620724543828,2.890202438592245,3.000000000000126,0.07262608903562308,-5.384350302803689,12.02571072040125,92.7287590973654
 3.8570410443883536,5.814794844590351,4.400125803867265,174.9486228908261,2.9007836789964085,3.0,0.07669474599365932,-5.05728853867403,12.745827260495771,89.91833810191893
 3.8605687045167194,5.804582309780786,4.4010204369266415,174.993585837456,2.911366659381505,2.999999999999748,0.08067889235936254,-4.740087202542974,13.456780168767576,87.09353712951518
 3.864096989490464,5.794330024771389,4.401909991812652,175.04106519272045,2.92195151430274,3.0000000000001257,0.08457970959307161,-4.432796384178621,14.158615726053375,84.25492075287522
 3.8676259439201677,5.784037802520888,4.402793969633798,175.09103030240536,2.9325383775918508,3.0000000000001257,0.08839836303190346,-4.135464608363447,14.851380140684967,81.40305503187966
 3.8711556121988253,5.773705455988006,4.403671871498575,175.14345074778225,2.943127382427824,3.0000000000001257,0.09213599894208885,-3.8481388272315997,15.535119466091736,78.53850747810893
 3.8746860385244615,5.763332798131475,4.404543198515485,175.1982963425172,2.953718661404733,3.0000000000001257,0.09579374682574707,-3.5708644128547116,16.209879630756387,75.66184701535657
 3.8782172669218253,5.752919641910018,4.405407451793026,175.25553712978723,2.964312346596825,3.0000000000001257,0.09937271808636125,-3.3036851500770843,16.875706324701696,72.77364393662124
 3.8817493412631814,5.742465800282363,4.406264132439697,175.31514337908897,2.9749085696208932,3.0,0.10287400672893589,-3.046643229601563,17.53264501593174,69.87446985700436
 3.885282305288235,5.731971086207238,4.407112741563998,175.37708558319426,2.985507461696054,3.0000000000001257,0.10629868970627016,-2.7997792413270863,18.180740927710193,66.96489766286892
 3.8888162026232136,5.721435312643368,4.407952780274428,175.44133445510667,2.9961091537009907,3.0000000000001257,0.10964782701462931,-2.5631321679391474,18.820038968441995,64.04550145740244
 3.8923510767991267,5.710858292549481,4.408783749679487,175.5078609248459,3.0067137762287297,2.9999999999998743,0.11292246160970248,-2.3367393787539683,19.450583773935605,61.11685650224215
 3.895886971269234,5.700239838884302,4.409605150887671,175.57663613645246,3.0173214596390516,3.0000000000001257,0.11612361968478654,-2.1206366238173575,20.072419623855765,58.179539155494176
 3.899423929425742,5.6895797646065605,4.410416485007483,175.64763144476194,3.027932334108575,2.9999999999998743,0.11925231150236903,-1.9148580282594618,20.685590496279207,55.234126806153476
 3.902961994615752,5.678877882674983,4.41121725314742,175.7208184124316,3.038546529678605,3.0,0.1223095309966416,-1.7194360869060066,21.290140003300404,52.2811978048305
 3.906501210156487,5.668134006048293,4.412006956415982,175.79616880679572,3.04916417630081,3.0,0.12529625594447238,-1.53440165914691,21.88611140420453,49.321331391056894
 3.9100416193498053,5.657347947685222,4.412785095921668,175.87365459681715,3.0597854038807655,3.0,0.1282134487416784,-1.359783964063307,22.47354761236381,46.355107616890635
 3.913583265496044,5.6465195205444925,4.413551172772977,175.9532479501108,3.0704103423194815,3.0000000000001252,0.13106205641155383,-1.1956105758134739,23.052491161687747,43.383107267363954
 3.917126191907184,5.635648537584835,4.414304688078408,176.0349212298901,3.081039121552902,3.0,0.13384301089242265,-1.0419074192786026,23.622984236587012,40.40591177729392
 3.9206704419193863,5.624734811764975,4.415045142946461,176.1186469920589,3.0916718715895097,3.0000000000002505,0.13655722908082737,-0.898698765968885,24.185068662547433,37.42410314495129
 3.9242160589048933,5.613778156043638,4.415772038485634,176.2043979823045,3.102308722546031,3.0,0.13920561365563017,-0.7660072301907783,24.73878589487036,34.43826384242192
 3.927763086283326,5.602778383379554,4.416484875804428,176.29214713318277,3.1129498046813286,3.0,0.1417890529959474,-0.6438537654760224,25.28417705930263,31.448976722799344
 3.9313115675323957,5.5917353067314455,4.41718315601134,176.38186756137588,3.1235952484285385,3.0000000000001252,0.14430842143265632,-0.5322576612727359,25.821282919949358,28.456824924324078
 3.9348615461980403,5.580648739058042,4.41786638021487,176.47353256486124,3.1342451844254726,3.0000000000001252,0.1467645799056051,-0.43123653989940336,26.350143912688054,25.462391771398092
 3.9384130659040073,5.569518493318072,4.418534049523519,176.56711562022224,3.1448997435433736,3.0,0.14915837574742818,-0.3408063537622308,26.870800161677487,22.466260672848687
 3.941966170360899,5.558344382470259,4.4191856650457835,176.66259038003693,3.155559056914049,3.0,0.15149064350990724,-0.26098138283584094,27.383291461520095,19.46901501709602
 3.945520903374692,5.547126219473331,4.419820727890165,176.75993067022154,3.166223255955428,3.0,0.15376220480842323,-0.19177423240853697,27.887657326990798,16.47123806476591
 3.9490773088547506,5.535863817286016,4.42043873916516,176.85911048756523,3.176892472395604,3.000000000000125,0.15597386896095305,-0.13319583109165478,28.383936975111236,13.473512838479461
 3.952635430821349,5.524556988867038,4.42103919997927,176.96010399721493,3.1875668382953988,2.9999999999997504,0.15812643320168895,-0.08525542909381345,28.87216936718951,10.476422010131584
 3.9561953134127084,5.513205547175128,4.421621611440994,177.06288553031996,3.198246486069476,2.999999999999875,0.16022068289217034,-0.04796059676021369,29.352393212621458,7.4805477855741325
 3.9597570008915772,5.501809305169009,4.422185474658829,177.1674295817002,3.2089315485060825,3.0,0.16291991325593755,-0.021317223377254058,22.497216205202378,2.9902273113346114
 3.966885965066458,5.4788816720490585,4.423255560796836,177.32781143006162,3.230318441030724,2.999999999999938,0.10341682962639179,0.0,28.630283946390538,0.0
 3.970456692622992,5.46733958034792,4.423773619817264,177.43004237390036,3.2410306237003255,2.9999999999998757,-0.017994974253193984,0.0,-3.3376609030263116,0.0
 3.9740359284179787,5.455731746832126,4.424297054768025,177.41809609852476,3.251768331085286,3.0,-0.016971439939942552,0.0,-3.158361147038707,0.0
 3.977623433065258,5.444058673971647,4.424825744718168,177.40676546323198,3.262530845027123,2.999999999999876,-0.015977566958268557,0.0,-2.9833495351934416,0.0
 3.9812189701152207,5.432320864236456,4.425359568736747,177.3960387194452,3.273317456177012,3.0000000000001235,-0.015012121005089625,0.0,-2.8124456147708847,0.0
 3.984822306025526,5.42051882009652,4.425898405892812,177.3859045331657,3.2841274639079283,3.0,-0.014073925860559082,0.0,-2.6454771680722486,0.0
 3.9884332101315167,5.408653044021812,4.4264421352554155,177.3763519687972,3.2949601762258998,2.999999999999877,-0.013161857925652283,0.0,-2.4822797418940876,0.0
 3.992051454616392,5.3967240384823025,4.42699063589361,177.36737047381118,3.3058149096805263,3.0000000000001226,-0.012274850884285817,0.0,-2.322696231965824,0.0
 3.9956768144811563,5.38473230594796,4.427543786876447,177.35894986411378,3.3166909892748193,3.0000000000001226,-0.011411883207716201,0.0,-2.1665764827868936,0.0
 3.9993090675143734,5.372678348888758,4.428101467272978,177.35108031011248,3.3275877483744707,3.0,-0.010571979487503623,0.0,-2.0137769101366945,0.0
 4.0029479942617705,5.360562669774665,4.428663556152255,177.34375232345087,3.338504528616663,3.0000000000002442,-0.009754211433031656,0.0,-1.8641601628748687,0.0
 4.006593377995704,5.348385771075653,4.42922993258333,177.33695674431567,3.349440679818462,2.9999999999998783,-0.008957688996294665,0.0,-1.7175947710975166,0.0
 4.010245004684523,5.336148155261691,4.429800475635255,177.33068472940897,3.3603955598849216,3.0000000000002434,-0.008181563624799616,0.0,-1.573954852806193,0.0
 4.013902662961863,5.323850324802751,4.430375064377081,177.32492774041344,3.3713685347169395,2.999999999999636,-0.00742502298245688,0.0,-1.4331198202326823,0.0
 4.017566144095871,5.311492782168804,4.430953577877863,177.31967753298923,3.3823589781189627,3.0,-0.006687291079545094,0.0,-1.2949740854485632,0.0
 4.021235241958417,5.299076029829819,4.431535895206648,177.31492614634027,3.3933662717066007,3.0,-0.005967624463480598,0.0,-1.1594068386965857,0.0
 4.024909752994288,5.286600570255768,4.4321218954324895,177.3106658931164,3.404389804814216,3.000000000000121,-0.00526531193848369,0.0,-1.0263117649196118,0.0
 4.028589476190402,5.27406690591662,4.432711457624443,177.30688934990857,3.415428974402557,3.000000000000121,-0.004579671892066481,0.0,-0.8955868223238395,0.0
 4.032274213045046,5.261475539282348,4.433304460851555,177.30358934813785,3.4264831849664894,3.000000000000241,-0.0039100533772532045,0.0,-0.7671340603614597,0.0
 4.035963767537177,5.24882697282292,4.433900784182881,177.30075896521936,3.437551848442883,3.0000000000002407,-0.003255829032831849,0.0,-0.64085935348291,0.0
 4.039657946095786,5.236121709008309,4.43450030668747,177.29839151633664,3.4486343841187113,3.0000000000002403,-0.0026164026337449683,0.0,-0.5166722684997296,0.0
 4.043356557569352,5.223360250308483,4.435102907434377,177.2964805463563,3.4597302185394105,3.00000000000036,-0.0019911950014978017,0.0,-0.3944858284854117,0.0
 4.047059413195396,5.210543099193416,4.435708465492652,177.2950198222869,3.4708387854175426,2.99999999999976,-0.0013796671404632196,0.0,-0.27421638214068955,0.0
 4.050766326570156,5.197670758133075,4.436316859931347,177.2940033259124,3.4819595255418214,2.9999999999996407,-0.0007812680980130236,0.0,-0.15578341810622892,0.0
 4.054477113618389,5.184743729597433,4.436927969819514,177.29342524682212,3.49309188668652,3.0000000000001195,-0.0001954855484567928,0.0,-0.03910940942268197,0.0
 4.058191592563324,5.171762516056459,4.437541674226206,177.2932799757443,3.504235323521324,2.9999999999998805,0.0003781161115107984,0.0,0.07588032466141538,0.0
 4.061909583896765,5.158727619980126,4.438157852220472,177.29356209813378,3.5153892975216467,2.9999999999998805,0.0009400577288227352,0.0,0.18925775396647607,0.0
 4.06563091034937,5.145639543838403,4.438776382871367,177.29426638801996,3.5265532768794623,3.0000000000001195,0.0014907682845983162,0.0,0.30109229031740703,0.0
 4.069355396861106,5.132498790101259,4.43939714524794,177.295387802194,3.5377267364146694,2.999999999999881,0.0020306957473141592,0.0,0.4114508758179983,0.0
 4.07308287055189,5.119305861238669,4.440020018419246,177.29692147450868,3.548909157487022,3.0000000000002385,0.0025602453988228437,0.0,0.5203981469049561,0.0
 4.076813160692439,5.106061259720598,4.440644881454334,177.29886271058527,3.560100027908673,3.000000000000357,0.0030798246249030864,0.0,0.6279964971704453,0.0
 4.080546098675322,5.092765488017021,4.441271613422257,177.30120698256266,3.571298841857321,2.999999999999881,0.003589816577933172,0.0,0.7343062243406661,0.0
 4.0842815179862235,5.079419048597907,4.441900093392068,177.30394992421319,3.5825050997900254,3.000000000000119,0.0040905933276898935,0.0,0.8393856090273385,0.0
 4.0880192541754425,5.066022443933227,4.442530200432817,177.30708732618072,3.5937183083576825,3.0,0.004582512616002634,0.0,0.9432910131138453,0.0
 4.091759144829615,5.052576176492951,4.443161813613557,177.31061513142484,3.604937980320199,3.0,0.005065922465637866,0.0,1.0460769824883964,0.0
 4.095501029543672,5.03908074874705,4.443794812003338,177.31452943089533,3.6161636344623704,2.9999999999998814,0.005541154261339844,0.0,1.1477963093109047,0.0
 4.0992447498930495,5.025536663165495,4.4444290746712145,177.31882645929545,3.6273947955105017,2.9999999999996443,0.006008529765428286,0.0,1.2485001503620554,0.0
 4.102990149406136,5.0119444222182565,4.445064480686237,177.32350259115069,3.63863099404976,3.0,0.0064683581272230025,0.0,1.3482380674091836,0.0
 4.1067370735369835,4.998304528375304,4.445700909117457,177.3285543368996,3.649871766442303,2.9999999999998814,0.006920939065740204,0.0,1.4470581272645302,0.0
 4.110485369638272,4.984617484106609,4.446338239033928,177.33397833923638,3.6611166547461673,2.9999999999998814,0.0073665604665468926,0.0,1.5450069646828954,0.0
 4.114234886934534,4.970883791882143,4.446976349504699,177.3397713695733,3.672365206634956,3.0000000000001186,0.007805503153108924,0.0,1.642129846433439,0.0
 4.1179854764956545,4.957103954171873,4.447615119598824,177.34593032463334,3.6836169753183166,3.0000000000001186,0.008238035683625848,0.0,1.7384707401436552,0.0
 4.121736991210624,4.943278473445775,4.448254428385356,177.35245222319654,3.6948715194632245,2.9999999999997633,0.0086644200672165,0.0,1.8340723859061978,0.0
 4.1254892857615815,4.929407852173816,4.448894154933343,177.35933420301623,3.706128403116096,2.9999999999998814,0.009084907143864876,0.0,1.928976317268452,0.0
 4.129242216598119,4.915492592825967,4.449534178311841,177.36657351772027,3.7173871956257076,3.0,0.009499742631434814,0.0,2.0232229811239115,0.0
 4.132995641911868,4.901533197872199,4.450174377589898,177.37416753407297,3.7286474715669553,3.0,0.009909161710444106,0.0,2.1168517157993016,0.0
 4.136749421611365,4.887530169782483,4.450814631836569,177.38211372907057,3.739908810665449,3.0000000000002367,0.010313393970607777,0.0,2.2099008747568845,0.0
 4.1405034172971975,4.87348401102679,4.4514548201209045,177.39040968742054,3.7511707977229456,3.000000000000118,0.010712660554033842,0.0,2.3024078158937464,0.0
 4.144257492237426,4.859395224075089,4.452094821511956,177.39905309890435,3.762433022543629,2.9999999999997633,0.01110717741738881,0.0,2.3944089854108817,0.0
 4.148011511343293,4.845264311397353,4.4527345150787765,177.40804175598288,3.773695079861233,3.0000000000002367,0.011497152288313545,0.0,2.4859399517878438,0.0
 4.151765341145222,4.831091775463549,4.453373779890417,177.4173735514597,3.78495656926702,2.999999999999882,0.011882787696598111,0.0,2.577035442744496,0.0
 4.1555188497690825,4.8168781187436505,4.454012495015929,177.42704647621804,3.7962170951386014,3.000000000000355,0.01226427980659168,0.0,2.667729390521283,0.0
 4.159271906912756,4.802623843707628,4.4546505395243665,177.43705861706448,3.8074762665696205,2.999999999999645,0.012641820180100816,0.0,2.7580549834512023,0.0
 4.163024383822977,4.78832945282545,4.455287792484778,177.44740815470703,3.8187336973002823,2.999999999999645,0.013015593193285388,0.0,2.848044669985306,0.0
 4.16677615327246,4.7739954485670895,4.455924132966218,177.45809336169066,3.829989005648731,2.9999999999998814,0.013385779273709592,0.0,2.937730245261257,0.0
 4.170527089537312,4.759622333402516,4.456559440037737,177.46911260060395,3.841241814443286,3.0,0.013752554120477626,0.0,3.027142832723308,0.0
 4.174277068374722,4.7452106098017,4.457193592768388,177.48046432216447,3.852491750955517,3.0000000000001186,0.0141160874493128,0.0,3.1163129590958114,0.0
 4.178025967000941,4.730760780234613,4.457826470227222,177.49214706353567,3.8637384468341756,3.0,0.014476545159200152,0.0,3.205270562417528,0.0
 4.181773664069538,4.716273347171224,4.4584579514832905,177.50415944662652,3.8749815380399637,2.999999999999763,0.014834089582024566,0.0,3.2940450305573714,0.0
 4.185520039649931,4.701748813081506,4.459087915605646,177.51650017648973,3.8862206647811433,3.0000000000001186,0.015188877333375568,0.0,3.3826652362809257,0.0
 4.189264975206213,4.687187680435427,4.45971624166334,177.52916803980807,3.8974554714499896,2.999999999999763,0.015541063024914393,0.0,3.471159557199047,0.0
 4.193008353576239,4.672590451702959,4.460342808725425,177.54216190341342,3.9086856065600664,2.9999999999996443,0.01589079564983828,0.0,3.5595559060322692,0.0
 4.196750058950998,4.6579576293540725,4.460967495860952,177.55548071287876,3.9199107226843424,3.0000000000002376,0.016238221830883998,0.0,3.6478817594904704,0.0
 4.200489976854258,4.643289715858739,4.461590182138975,177.56912349118005,3.9311304763941233,2.9999999999998814,0.01658348406402772,0.0,3.7361641878732326,0.0
 4.204227994122486,4.628587213686927,4.462210746628543,177.58308933743126,3.942344528198808,3.0000000000002376,0.016926722335351568,0.0,3.8244298626950086,0.0
 4.2079639988850355,4.613850625308608,4.462829068398708,177.59737742561234,3.9535525424864564,3.0,0.017268072498737314,0.0,3.9127051040128387,0.0
 4.211697880544604,4.5990804531937535,4.463445026518524,177.6119870034395,3.9647541874651626,2.999999999999881,0.01760766880591845,0.0,4.001015892287851,0.0
 4.215429529757964,4.584277199812333,4.464058500057042,177.62691739124656,3.9759491351052416,3.0,0.017945641087173267,0.0,4.089387883365261,0.0
 4.219158838416949,4.569441367634318,4.464669368083312,177.64216798088998,3.987137061082199,3.000000000000357,0.018282117443812317,0.0,4.177846444355774,0.0
 4.222885699629717,4.554573459129679,4.465277509666389,177.65773823475635,3.9983176447204993,2.9999999999996425,0.01861722385377975,0.0,4.261360265515248,0.0
 4.2266144268568935,4.539673976768385,4.465882803875322,177.67362768480317,4.0,0.45118754389937704,0.01895108296024252,0.0,4.338773766933037,0.0
 4.230350101425459,4.524743423020409,4.466485129779165,177.68983593162307,4.0,0.0,0.019283814972346443,0.0,4.412864060267713,0.0
 4.234095222898527,4.50978230035572,4.467084366446969,177.7063626435729,3.996065576406658,-1.050546323165952,0.019615538871518214,0.0,4.480319111028302,0.0
 4.237854980178226,4.494791111244289,4.467680392947785,177.72320755596596,3.9847863045675602,-3.0000000000002363,0.019946370997929015,0.0,4.5430601461684015,0.0
 4.241632811363804,4.479770358156087,4.468273088350666,177.74037047026414,3.9734528110108265,-3.000000000000235,0.02027642543631906,0.0,4.605135250397709,0.0
 4.245428743978354,4.464720543561084,4.468862331724663,177.75785125335554,3.9620650131671744,-3.000000000000351,0.02060581494861273,0.0,4.666568198861141,0.0
 4.249242806629393,4.449642169929252,4.46944800213883,177.77564983683132,3.9506228252140554,-3.0000000000003495,0.02093465044747455,0.0,4.727382091297794,0.0
 4.25307502902891,4.43453573973056,4.4700299786622155,177.79376621637266,3.9391261580155046,-3.000000000000232,0.021263040540823255,0.0,4.7875993438333015,0.0
 4.256925442014,4.419401755434978,4.470608140363874,177.81220045105357,3.927574919060234,-2.9999999999997695,0.02159109316774476,0.0,4.847241753443845,0.0
 4.260794077568113,4.404240719512479,4.471182366312856,177.83095266284033,3.915969012397897,-3.0000000000001146,0.021918914330327315,0.0,4.906330485542855,0.0
 4.264680968842922,4.3890531344330315,4.471752535578214,177.8500230359959,3.904308338573469,-3.000000000000114,0.02224660839809496,0.0,4.964886110845324,0.0
 4.268586150180849,4.373839502666608,4.472318527229,177.86941181658094,3.8925927945596857,-3.000000000000341,0.02257427890336482,0.0,5.022928625096778,0.0
 4.272509657138256,4.3586003266831765,4.472880220334265,177.88911931198805,3.880822273687465,-2.9999999999998868,0.02290202788618352,0.0,5.080477465158041,0.0
 4.276451526509323,4.343336108952711,4.473437493963061,177.90914589049834,3.868996665574263,-3.000000000000338,0.02322995648792876,0.0,5.1375515306453226,0.0
 4.280411796350654,4.328047351945179,4.473990227184441,177.92949198088343,3.8571158560502696,-3.0000000000002243,0.023558164662401196,0.0,5.194169196973566,0.0
 4.284390506006612,4.312734558130553,4.474538299067455,177.95015807202213,3.845179727082395,-3.0000000000001115,0.023886750922346465,0.0,5.250348337608902,0.0
 4.288387696135424,4.297398229978803,4.4750815886811575,177.97114471257004,3.8331881566959582,-3.0,0.0242158141741465,0.0,5.3061063426442985,0.0
 4.292403408736076,4.2820388699599,4.475619975094597,177.9924525106706,3.821141018894001,-3.000000000000221,0.024545450853962345,0.0,5.361460118527131,0.0
 4.296437687176027,4.2666569805438135,4.476153337376828,178.01408213363342,3.8090381835741485,-2.99999999999989,0.02487575771133218,0.0,5.416426129046748,0.0
 4.300490576219767,4.251253064200515,4.476681554596901,178.03603430774808,3.7968795164429303,-2.999999999999781,0.025206830707774627,0.0,5.4710203855442,0.0
 4.304562122058254,4.235827623399975,4.4772045058238685,178.0583098180311,3.78466487892747,-2.999999999999782,0.025538764915253975,0.0,5.5252584745529365,0.0
 4.308652372339257,4.220381160612165,4.477722070126783,178.08090950805928,3.772394128084461,-3.000000000000217,0.02587165500811351,0.0,5.579155567418675,0.0
 4.31276137619864,4.204914178307053,4.478234126574694,178.10383427981787,3.760067116506311,-2.9999999999997837,0.02620559528147197,0.0,5.632726428572911,0.0
 4.316889184292615,4.189427178954612,4.478740554236657,178.12708509356088,3.747683692224389,-2.9999999999997846,0.026540679109461614,0.0,5.685985439293219,0.0
 4.321035848831001,4.173920665024812,4.479241232181719,178.1506629677478,3.73524369860923,-2.999999999999786,0.026877000252880687,0.0,5.7389465881985355,0.0
 4.325201423611536,4.158395138987624,4.4797360394789365,178.17456897892242,3.7227469742676265,-2.9999999999998934,0.027214651871859286,0.0,5.791623512206669,0.0
 4.329385964055258,4.142851103313016,4.480224855197359,178.19880426174407,3.710193352936459,-3.0000000000002123,0.02755372683696834,0.0,5.844029475668224,0.0
 4.333589527243017,4.127289060470963,4.4807075584060385,178.22337000891616,3.697582663373181,-3.0000000000002114,0.02789431761932657,0.0,5.896177403107049,0.0
 4.337812171953145,4.111709512931432,4.4811840281740265,178.24826747123737,3.6849147292428,-2.9999999999996847,0.028236517359623667,0.0,5.94807987458378,0.0
 4.342053958700326,4.096112963164396,4.481654143570377,178.27349795762055,3.6721893690012557,-2.999999999999895,0.028580418417832404,0.0,5.999749150265091,0.0
 4.346314949775732,4.080499913639824,4.482117783664139,178.29906283520452,3.6594063957750382,-2.9999999999997917,0.02892611382063212,0.0,6.051197155245618,0.0
 4.3505952092884375,4.064870866827687,4.482574827524366,178.32496352939148,3.646565617236923,-2.999999999999896,0.029273695487127775,0.0,6.102435515929211,0.0
 4.354894803208192,4.049226325197956,4.48302515422011,178.35120152403147,3.6336668354776593,-2.9999999999998965,0.029623257127226212,0.0,6.153475545211756,0.0
 4.359213799409589,4.033566791220601,4.483468642820422,178.37777836153666,3.6207098468734693,-3.000000000000103,0.029974891359520483,0.0,6.204328259983693,0.0
 4.3635522677176795,4.017892767365593,4.483905172394354,178.40469564306557,3.6076944419491968,-3.000000000000102,0.030328691582220853,0.0,6.255004387302675,0.0
 4.367910279955103,4.002204756102903,4.484334622010959,178.43195502873058,3.5946204052369275,-2.999999999999796,0.030684751701678982,0.0,6.305514372991266,0.0
 4.372287909990772,3.986503259902501,4.484756870739287,178.45955823784016,3.5814875151299215,-2.9999999999998987,0.031043165655137553,0.0,6.355868377709325,0.0
 4.376685233790194,3.970788781234358,4.485171797648391,178.48750704912342,3.5682955437316553,-3.000000000000101,0.03140402765695192,0.0,6.406076298076252,0.0
 4.3811023294674785,3.9550618225684437,4.485579281807323,178.515803301048,3.5550442566997993,-3.0000000000003015,0.031767432875220575,0.0,6.45614775824804,0.0
 4.385539277339107,3.9393228863747303,4.485979202285134,178.54444889210288,3.5417334130849154,-2.9999999999997,0.03213347672902403,0.0,6.506092123843338,0.0
 4.389996159979523,3.923572475123187,4.486371438150877,178.57344578114657,3.5283627651636675,-2.9999999999999005,0.03250225511662482,0.0,6.555918502836834,0.0
 4.394473062278635,3.9078110912837847,4.486755868473603,178.60279598776472,3.514932058266332,-2.9999999999997025,0.03287386505825128,0.0,6.605635752254964,0.0
 4.3989700715012905,3.892039237326495,4.487132372322363,178.63250159266414,3.5014410305983663,-3.0,0.03324840401595145,0.0,6.655252475109957,0.0
 4.403487277348815,3.876257415721287,4.487500828766211,178.66256473806143,3.4878894130557936,-2.999999999999705,0.033625969897339104,0.0,6.704777039547133,0.0
 4.408024772022693,3.860466128938133,4.487861116874197,178.69298762816794,3.4742769290341604,-2.9999999999999023,0.03400666188906276,0.0,6.754217561163696,0.0
 4.412582650290485,3.844665879447001,4.488213115715375,178.72377252960592,3.4606032942307845,-3.0,0.034390580207308584,0.0,6.803581929063936,0.0
 4.4171610095540705,3.8288571697178644,4.488556704358794,178.7549217719564,3.4468682164400293,-2.999999999999709,0.03477782526396162,0.0,6.852877784218129,0.0
 4.421759949920316,3.8130405022206926,4.488891761873508,178.7864377482232,3.433071395341293,-2.9999999999997105,0.03516849928769411,0.0,6.90211254396617,0.0
 4.426379574274273,3.797216379425456,4.489218167328568,178.81832291542503,3.4192125222794223,-3.0,0.03556270526971705,0.0,6.951293390184035,0.0
 4.431019988355009,3.7813853038021255,4.4895357997930265,178.85057979515219,3.4052912800372135,-3.0000000000000955,0.03596054676614593,0.0,7.000427277142347,0.0
 4.435681300834191,3.765547777820672,4.489844538335934,178.88321097417872,3.3913073425996685,-3.0,0.03636212944456714,0.0,7.049520925329068,0.0
 4.440363623397534,3.749704303951066,4.490144262026344,178.91621910506814,3.377260374909639,-3.000000000000095,0.036767559866518806,0.0,7.098580836791661,0.0
 4.445067070829249,3.7338553846632774,4.490434849933307,178.94960690687378,3.3631500326144943,-3.0,0.03717694529579075,0.0,7.147613280004946,0.0
 4.449791761099611,3.718001522427277,4.490716181125876,178.98337716579414,3.348975961803409,-2.999999999999718,0.03759039537412392,0.0,7.196624298452098,0.0
 4.4545378154557955,3.7021432197130366,4.490988134673102,179.01753273589563,3.3347377987348557,-3.0000000000000937,0.038008020754084076,0.0,7.24561971053891,0.0
 4.459305358516127,3.686280978990526,4.491250589644037,179.0520765398644,3.320435169553863,-2.9999999999998135,0.038429932914191944,0.0,7.294605106414597,0.0
 4.464094518367887,3.6704153027297153,4.491503425107734,179.0870115697745,3.3060676899985837,-2.999999999999907,0.03885624595560644,0.0,7.343585853292138,0.0
 4.468905426668855,3.6545466934005755,4.491746520133241,179.122340887915,3.2916349650956787,-2.9999999999998153,0.03928707509758933,0.0,7.392567076928367,0.0
 4.473738218752745,3.6386756534730775,4.491979753789615,179.15806762756398,3.277136588844009,-3.000000000000184,0.039722537198910016,0.0,7.4415536908044935,0.0
 4.478593033738716,3.6228026854171915,4.492203005145906,179.19419499394098,3.262572143886095,-3.000000000000183,0.040162750728581956,0.0,7.4905503622146234,0.0
 4.483470014645158,3.6069282917028884,4.492416153271164,179.23072626503625,3.2479412011667685,-3.000000000000273,0.0406078365950989,0.0,7.539561528000864,0.0
 4.488369308507939,3.5910529748001387,4.492619077234443,179.26766479255843,3.233243319578426,-2.999999999999819,0.04105791706518003,0.0,7.588591391763717,0.0
 4.493291066503335,3.575177237178913,4.492811656104793,179.30501400291465,3.2184780455922355,-3.00000000000009,0.04151311659368646,0.0,7.637643908972891,0.0
 4.498235444075868,3.5593015813091817,4.492993768951268,179.3427773981652,3.203644912874638,-3.0000000000000897,0.041973561280288174,0.0,7.686722800422251,0.0
 4.503202601071273,3.543426509660916,4.493165294842919,179.380958557095,3.1887434418884246,-2.9999999999997318,0.04243938032542891,0.0,7.735831532622841,0.0
 4.508192701874865,3.5275525247040855,4.493326112848798,179.4195611362424,3.173773139477648,-2.999999999999911,0.042910704323206934,0.0,7.7849733205308445,0.0
 4.513205915555557,3.5116801289086625,4.493476102037956,179.45858887099672,3.1587334984355726,-3.0,0.04338766558534899,0.0,7.834151127181242,0.0
 4.518242416015807,3.4958098247446157,4.493615141479444,179.49804557675444,3.1436239970548225,-3.0000000000001763,0.04387040050583997,0.0,7.883367642830073,0.0
 4.523302382147799,3.4799421146819167,4.493743110242317,179.5379351500332,3.1284440986588455,-3.0,0.044359046454337796,0.0,7.932625302847941,0.0
 4.528385997996165,3.464077501190536,4.493859887395624,179.5782615697419,3.113193251113746,-3.000000000000262,0.04485374382598239,0.0,7.981926256326063,0.0
 4.533493452927582,3.4482164867404443,4.493965352008418,179.619028898362,3.0978708863194964,-2.999999999999913,0.0453546355134344,0.0,8.03127237578772,0.0
 4.538624941807593,3.432359573801612,4.494059383149752,179.66024128325068,3.0824764196794625,-2.999999999999827,0.045861867477199746,0.0,8.080665246355684,0.0
 4.543780665185036,3.416507264844009,4.494141859888676,179.7019029579666,3.067009249547135,-2.999999999999914,0.04637558808202889,0.0,8.130106150237744,0.0
 4.548960829484459,3.400660062337608,4.494212661294242,179.7440182435966,3.051468756648866,-2.9999999999999143,0.046895948220541286,0.0,8.17959606796239,0.0
 4.554165647206966,3.3848184687523775,4.494271666435502,179.78659155017408,3.0358543034813454,-3.0000000000001705,0.04742310290602558,0.0,8.229135662796539,0.0
 4.559395337139917,3.368982986558289,4.494318754381509,179.8296273781067,3.020165233682491,-2.999999999999915,0.047957208982093456,0.0,8.278725275055516,0.0
 4.564650124575979,3.353154118225314,4.494353804201315,179.87313031966866,3.004400871374306,-2.999999999999831,0.04849842730297472,0.0,8.328364906410691,0.0
 4.569930241542015,3.337332366223421,4.494376694963969,179.91710506051032,2.9885605204761974,-3.0000000000001683,0.049046921501217325,0.0,8.37805420910706,0.0
 4.575235927038367,3.321518233022582,4.494387305738525,179.96155638121527,2.97264346398714,-3.000000000000251,0.04960285909620473,0.0,8.427792479785715,0.0
 4.580567427289095,3.3057122210927674,4.494385515594035,-179.9935108410657,2.9566489632349553,-3.0000000000001665,0.05016641057933021,0.0,8.477578642132858,0.0
 4.5859249960037864,3.289914832903948,4.494371203599551,-179.94809163095627,2.940576257090882,-2.9999999999998344,0.05073775049993872,0.0,8.527411227593044,0.0
 4.591308894651588,3.274126570926094,4.494344248824124,-179.90218091317877,2.9244245611474775,-2.9999999999999174,0.05131705656766955,0.0,8.57728837319877,0.0
 4.596719392748158,3.2583479376291757,4.494304530336805,-179.85577351076185,2.908193066857768,-3.000000000000082,0.05190451071735679,0.0,8.627207791435865,0.0
 4.602156768156276,3.2425794354831647,4.494251927206648,-179.80886414327597,2.891880940633414,-2.999999999999755,0.0525002990386002,0.0,8.677166766635645,0.0
 4.60762130740091,3.226821566958031,4.494186318502703,-179.76144742494745,2.875487322899513,-2.9999999999999187,0.053104611045026236,0.0,8.727162128293653,0.0
 4.613113305999579,3.211074834523745,4.494107583294024,-179.71351786276853,2.8590113271035054,-3.0000000000002425,0.05371764137321542,0.0,8.777190236869538,0.0
 4.618633068808933,3.1953397406502786,4.494015600649661,-179.66506985452844,2.842452038675444,-2.9999999999999196,0.054339587980091565,0.0,8.827246957319126,0.0
 4.624180910388505,3.1796167878076007,4.493910249638667,-179.61609768682544,2.8258085139367273,-3.0,0.05497065408525478,0.0,8.87732765070431,0.0
 4.6297571553826895,3.163906478465682,4.493791409330092,-179.56659553295148,2.8090797789541733,-3.0000000000000795,0.055611047048730815,0.0,8.92742713520848,0.0
 4.635362138922053,3.148209315094495,4.49365895879299,-179.51655745080976,2.792264828336083,-2.9999999999998415,0.05626097935764241,0.0,8.977539674431911,0.0
 4.6409962070451805,3.132525800164008,4.493512777096412,-179.46597738070594,2.7753626239667013,-3.0,0.05692066817311305,0.0,9.027658949663268,0.0
 4.646659717142336,3.116856436144193,4.493352743309409,-179.41484914309083,2.758372093675233,-3.0000000000001568,0.05759033603558231,0.0,9.07777802537992,0.0
 4.652353038422328,3.10120172550502,4.493178736501035,-179.3631664362839,2.7412921298352577,-2.999999999999922,0.05827021004653951,0.0,9.127889332746488,0.0
 4.658076552404048,3.0855621707164604,4.492990635740339,-179.3109228340643,2.7241215878900964,-3.0000000000002327,0.05896052344035837,0.0,9.177984628397708,0.0
 4.663830653434302,3.0699382742484844,4.492788320096375,-179.25811178325844,2.706859284799334,-3.0000000000000773,0.05966151451484983,0.0,9.228054968526477,0.0
 4.669615749233635,3.054330538571062,4.492571668638195,-179.20472660122397,2.689503997401334,-3.0,0.06037342762132665,0.0,9.2780906758882,0.0
 4.67543226147202,3.0387394661541647,4.492340560434849,-179.15076047325883,2.6720544606861805,-3.0000000000000764,0.0610965127295029,0.0,9.328081292818398,0.0
 4.6812806263764015,3.0231655594677624,4.492094874555391,-179.0962064500007,2.654509365973035,-3.000000000000076,0.06183102621124937,0.0,9.378015560310638,0.0
 4.68716129537227,3.007609320981826,4.491834490068871,-179.0410574446524,2.6368673589854295,-2.999999999999849,0.06257723052926235,0.0,9.427881360896093,0.0
 4.693074735761589,2.9920712531663263,4.491559286044342,-178.98530623022717,2.619127037817475,-2.99999999999985,0.06333539465034753,0.0,9.477665684855088,0.0
 4.699021431439612,2.9765518584912334,4.491269141550855,-178.9289454366613,2.6012869507834044,-3.0000000000000746,0.06410579432908259,0.0,9.527354581517981,0.0
 4.705001883653336,2.9610516394265183,4.490963935657463,-178.87196754786333,2.5833455941422336,-3.000000000000074,0.0648887120396305,0.0,9.576933109769442,0.0
 4.711016611804537,2.945571098442152,4.490643547433216,-178.81436489868582,2.5653014096886304,-3.0,0.06568443760294666,0.0,9.62638528245111,0.0
 4.717066154300637,2.930110738008104,4.490307855947169,-178.75612967183582,2.5471527822003277,-3.0000000000002203,0.06649326811219579,0.0,9.675694029191654,0.0
 4.7231510694568835,2.9146710605943458,4.48995674026837,-178.69725389459038,2.5288980367315896,-2.999999999999854,0.06731550809436855,0.0,9.724841106155683,0.0
 4.729271936453647,2.899252568670848,4.489590079465874,-178.63772943561494,2.510535435741298,-3.0000000000002176,0.0681514700618498,0.0,9.773807063681193,0.0
 4.735429356352995,2.883855764707581,4.489207752608731,-178.57754800150863,2.492063176043253,-3.0000000000001443,0.06900147460450112,0.0,9.822571166284597,0.0
 4.741623953179038,2.868481151174515,4.488809638765994,-178.5167011333384,2.4734793855651236,-3.000000000000215,0.069865850595764,0.0,9.871111319446555,0.0
 4.74785637506698,2.8531292305416214,4.488395617006713,-178.45518020309277,2.4547821199012962,-3.0000000000001426,0.0707449354524947,0.0,9.919404001910754,0.0
 4.754127295486259,2.83780050527887,4.487965566399942,-178.3929764099901,2.4359693586434576,-3.0000000000001417,0.07163907544590109,0.0,9.967424182858617,0.0
 4.760437414543651,2.822495477856232,4.487519366014733,-178.33008077670073,2.417039001471279,-3.000000000000211,0.07254862622134527,0.0,10.015145235961855,0.0
 4.766787460372788,2.807214650743678,4.487056894920135,-178.26648414546693,2.3979888639838687,-3.0000000000002096,0.07347395266796529,0.0,10.062538842516416,0.0
 4.773178190617144,2.791958526411178,4.486578032185204,-178.20217717415105,2.3788166732507996,-3.0000000000000693,0.07441542954123333,0.0,10.10957491109145,0.0
 4.779610394014256,2.7767276073287035,4.486082656878987,-178.13715033206458,2.3595200630594633,-3.000000000000138,0.0753734414415113,0.0,10.156221450961532,0.0
 4.786084892089691,2.7615223959662245,4.4855706480705395,-178.07139389582662,2.3400965688331588,-2.9999999999999316,0.07634838378841884,0.0,10.202444480254869,0.0
 4.792602540970148,2.746343394793712,4.485041884828913,-178.00489794498193,2.3205436221917863,-3.0,0.07734066232412763,0.0,10.248207899220846,0.0
 4.799164233326043,2.731191106281136,4.484496246223158,-177.937652357548,2.3008585451241013,-3.0000000000000675,0.07835069423144195,0.0,10.29347335992534,0.0
 4.805770900454985,2.7160660328984676,4.483933611322327,-177.86964680545836,2.2810385437372767,-2.9999999999997984,0.0793789079493286,0.0,10.338200138314313,0.0
 4.812423514518783,2.700968677115677,4.483353859195471,-177.80087074982384,2.261080701545883,-3.0,0.08042574371256431,0.0,10.38234498115233,0.0
 4.81912309094796,2.6858995414027356,4.482756868911644,-177.73131343610854,2.2409819722583544,-2.999999999999801,0.08149165413038867,0.0,10.42586195803237,0.0
 4.825870691029284,2.670859128229613,4.482142519539897,-177.66096388911262,2.2207391720143814,-3.0000000000001315,0.08257710440732896,0.0,10.468702285009604,0.0
 4.832667424693557,2.6558479400662804,4.48151069014928,-177.58981090787088,2.2003489710215636,-2.9999999999998694,0.08368257271596709,0.0,10.510814147031665,0.0
 4.8395144535228285,2.6408664793827086,4.480861259808846,-177.51784306038704,2.1798078845337487,-2.9999999999998703,0.08480855086035516,0.0,10.552142508980397,0.0
 4.8464129939984355,2.6259152486488677,4.480194107587649,-177.44504867818446,2.159112263106927,-3.000000000000129,0.08595554439435715,0.0,10.592628903881607,0.0
 4.853364321013745,2.6109947503347284,4.479509112554737,-177.37141585072172,2.1382582820609968,-3.000000000000064,0.08712407347046323,0.0,10.632211201381695,0.0
 4.860369771678339,2.596105486910262,4.478806153779165,-177.2969324196949,2.1172419300672147,-3.0,0.08831467309704957,0.0,10.670823379901822,0.0
 4.8674307494436215,2.5812479608454377,4.4780851103299835,-177.2215859730722,2.0960589967713683,-3.0,0.08952789349657159,0.0,10.708395250944214,0.0
 4.874548728583529,2.5664226746102274,4.477345861276245,-177.14536383905408,2.0747050593516434,-3.000000000000187,0.09076430098240729,0.0,10.744852184839612,0.0
 4.8817252590682925,2.5516301306746016,4.476588285686999,-177.06825307979528,2.0531754678973546,-2.9999999999999383,0.09202447839758436,0.0,10.780114797037598,0.0
 4.888961971874032,2.5368708315085304,4.4758122626313,-176.99024048499624,2.0314653294801355,-3.0000000000000613,0.09330902541566513,0.0,10.814098625875474,0.0
 4.896260584776636,2.5221452795819843,4.4750176711782,-176.9113125652354,2.009569490772325,-2.9999999999998783,0.09461855935399946,0.0,10.84671376353328,0.0
 4.903622908684792,2.5074539773649347,4.47420439039675,-176.83145554516918,1.9874825190478569,-3.00000000000003,0.09595371592788753,0.0,10.877864465151323,0.0
 4.911050854574591,2.492797427327351,4.473372299356001,-176.7506553565255,1.9651986813784583,-3.0000000000001195,0.09731514936143472,0.0,10.90744872733113,0.0
 4.918546441096784,2.478176131939205,4.472521277125005,-176.66889763085342,1.9427119218118805,-2.9999999999998224,0.0987035338191977,0.0,10.935357818639817,0.0
 4.926111802937929,2.4635905936704665,4.471651202772816,-176.58616769209297,1.920015836288444,-3.0000000000001465,0.10011956319572626,0.0,10.96147577565674,0.0
 4.933749200028509,2.4490413149911068,4.470761955368483,-176.50245054889552,1.897103645016704,-3.000000000000058,0.10156395253294603,0.0,10.985678841067973,0.0
 4.94146102770494,2.4345287983710957,4.46985341398106,-176.41773088676462,1.873968161987412,-2.999999999999885,0.10303743839264058,0.0,11.0078348622173,0.0
 4.949249827948734,2.4200535462804047,4.468925457679597,-176.33199305990613,1.8506017612560324,-2.9999999999998574,0.10454077972046007,0.0,11.027802618164511,0.0
 4.957118301845307,2.405616061189004,4.467977965533147,-176.2452210828685,1.8269963395663105,-3.000000000000085,0.10607475857185031,0.0,11.045431084805523,0.0
 4.965069323427735,2.3912168455668636,4.467010816610763,-176.157398621926,1.803143274819027,-3.000000000000056,0.10764018109530658,0.0,11.060558626373709,0.0
 4.973105955097839,2.3768564018839546,4.466023889981495,-176.06850898618023,1.7790333798087135,-3.000000000000055,0.10923787812035547,0.0,11.073012090050957,0.0
 4.9812314648494045,2.3625352326102482,4.465017064714395,-175.97853511846336,1.754656850554018,-3.0,0.1108687062623915,0.0,11.082605826196586,0.0
 4.9894493455570945,2.3482538402157145,4.463990219878515,-175.88745958585332,1.7300032084309473,-3.0000000000000813,0.1125335488462748,0.0,11.089140569996248,0.0
 4.997763336641422,2.334012727170324,4.462943234542908,-175.79526457002152,1.7050612351779646,-2.9999999999999467,0.11423331661675896,0.0,11.092402223487401,0.0
 5.006177448476698,2.319812395944047,4.461875987776625,-175.70193185719123,1.6798188996721377,-3.000000000000079,0.11596894907955824,0.0,11.092160475206693,0.0
 5.0146959899777235,2.305653349006855,4.460788358648719,-175.60744282784717,1.6542632751690591,-3.00000000000013,0.11774141528769612,0.0,11.088167265201943,0.0
 5.023323599885157,2.2915360888287175,4.459680226228238,-175.5117784460946,1.6283804454467592,-2.999999999999897,0.11955171496285427,0.0,11.080155046024428,0.0
 5.032065282372939,2.2774611178796063,4.458551469584237,-175.41491924876686,1.6021553979834156,-2.9999999999998983,0.12140087969311858,0.0,11.06783484704484,0.0
 5.040926447729188,2.2634289386294912,4.457401967785769,-175.31684533405158,1.5755719019146677,-3.00000000000005,0.1232899740433123,0.0,11.050894046058975,0.0
 5.049912959021221,2.2494400535483434,4.4562315999018836,-175.21753634991958,1.5486123680385702,-2.9999999999998765,0.1252200967447634,0.0,11.028993864155964,0.0
 5.05903118585488,2.235494965106133,4.4550402450016335,-175.11697148211917,1.5212576875375912,-3.0000000000000973,0.1271923820027316,0.0,11.001766494984414,0.0
 5.068288066590084,2.2215941757728306,4.45382778215407,-175.01512944179854,1.493487045331979,-3.000000000000144,0.12920800087841913,0.0,10.968811808387228,0.0
 5.077691180694384,2.207738188018407,4.452594090428246,-174.9119884527757,1.4652777030190791,-2.9999999999999765,0.13126816238909078,0.0,10.929693559516306,0.0
 5.087248833326173,2.193927504312833,4.451339048893211,-174.80752623836193,1.4366047451237098,-3.0000000000000697,0.13337411524294873,0.0,10.883934981411409,0.0
 5.096970154768683,2.1801626271260783,4.45006253661802,-174.70172000784825,1.4074407807961793,-3.000000000000114,0.13552714916969477,0.0,10.831013667098382,0.0
 5.106865218026304,2.1664440589281146,4.448764432671723,-174.59454644246816,1.377755591023317,-3.0000000000000226,0.13772859640905138,0.0,10.770355543682468,0.0
 5.116945178803799,2.1527723021889122,4.447444616123372,-174.48598168102814,1.3475157086908323,-2.999999999999956,0.13997983342957449,0.0,10.701327778594226,0.0
 5.127222443298536,2.1391478593784417,4.446102966042019,-174.37600130500266,1.31668391520662,-2.999999999999957,0.14228228252622202,0.0,10.623230327823492,0.0
 5.137710870863771,2.125571232966674,4.444739361496716,-174.26458032320048,1.2852186325109174,-2.999999999999958,0.14463741364634267,0.0,10.53528581027329,0.0
 5.148426020819152,2.112042925423579,4.443353681556516,-174.15169315592058,1.2530731826447723,-3.0,0.14704674605962278,0.0,10.436627256202428,0.0
 5.159385455747899,2.098563439219127,4.441945805290468,-174.03731361863066,1.220194877858532,-2.999999999999939,0.14951185029409214,0.0,10.32628314871193,0.0
 5.170609117912909,2.08513327682329,4.440515611767626,-173.92141490514928,1.186523891363503,-3.0000000000001186,0.15203435025494327,0.0,10.203158978417967,0.0
 5.182119801537601,2.0717529407060375,4.439062980057042,-173.8039695701763,1.1519918404894247,-3.000000000000116,0.1546159250773463,0.0,10.06601418763141,0.0
 5.193943752559116,2.05842293333734,4.437587789227766,-173.68494951143984,1.1165199874248783,-3.0,0.15725831131658816,0.0,9.913433044552516,0.0
 5.206111440561711,2.0451437571871693,4.436089918348852,-173.56432595111914,1.0800169234170944,-3.000000000000091,0.1599633051352508,0.0,9.743787243815914,0.0
 5.218658567391247,2.0319159147254955,4.4345692464893505,-173.44206941677092,1.0423755429284849,-2.9999999999999467,0.1627327647819469,0.0,9.555187141303989,0.0
 5.231627407597917,2.0187399084222886,4.433025652718314,-173.31814972159054,1.0034690223084768,-2.9999999999999827,0.16556861284728963,0.0,9.345416951065955,0.0
 5.245068624634277,2.0056162407475195,4.431459016104793,-173.192535944056,0.9631453711993974,-3.0,0.16847283884866404,0.0,9.1118467938801,0.0
 5.25904378686025,1.992545414171159,4.429869215717842,-173.06519640693332,0.9212198845214765,-3.0000000000000475,0.17144750170596915,0.0,8.851310366174145,0.0
 5.273628943862887,1.9795279311631775,4.428256130626512,-172.9360986555636,0.8774644135135646,-3.0000000000000684,0.17449473271972718,0.0,8.559929819291627,0.0
 5.288919865967696,1.9665642941935457,4.426619639899851,-172.80520943547418,0.8315916471991374,-3.0000000000000653,0.1776167382244068,0.0,8.23285637856797,0.0
 5.305040002168912,1.9536550057322344,4.4249596226069166,-172.6724946693266,0.7832312385954873,-3.0000000000000484,0.18081580274053957,0.0,7.863870008591325,0.0
 5.322153107579311,1.940800568249214,4.423275957816757,-172.5379194329359,0.7318919223642911,-2.999999999999987,0.1840942918089515,0.0,7.444729167631437,0.0
 5.340484399302616,1.928001484214455,4.421568524598426,-172.40144793076306,0.676898047194375,-3.000000000000073,0.1874546554594679,0.0,6.964044046265462,0.0
 5.360358549933437,1.9152582560979283,4.419837202020974,-172.2630434703879,0.6172755953019102,-3.000000000000039,0.1908994314329783,0.0,6.405149373210737,0.0
 5.382274515653483,1.9025713863696045,4.418081869153453,-172.12266843629286,0.5515276981417727,-2.99999999999997,0.19443124878782217,0.0,5.741577843714367,0.0
 5.407073303966753,1.8899413774994542,4.416302405064916,-171.98028426276238,0.4771313332019639,-3.000000000000022,0.19805283147229266,0.0,4.925493740844221,0.0
 5.436396832635931,1.8773687319574475,4.4144986888244135,-171.8358514058429,0.38916074719442983,-2.9999999999999583,0.20176700214070725,0.0,3.8464646051120055,0.0
 5.474489498605195,1.8648539522135554,4.412670599500998,-171.6893293144778,0.2748827492866391,-3.0000000000000044,0.20557668614180075,0.0,1.6223598700734547,0.0
 5.566117081700741,1.8523975407377486,4.410818016163723,-171.54067640067174,0,-3.000000000000013,0.20557668614180075,0.0,0.0,0.0
 5.566117081700741,1.84,4.4089408178816365,-171.31369791946886,0,-3.0,0.0016125146914277013,0.0,0.0,0.0
 5.6577542788751805,1.8524515872717588,4.410843132038997,-171.31369791946886,-0.27491159152331934,-3.0000000000000004,0.0016125146914277013,0.0,-0.03051710531238216,0.0
 5.6961432328709165,1.8650693584351683,4.41277057123123,-171.31486943922081,-0.3900784535105281,-3.000000000000001,0.0037001385159536886,0.0,-0.09156416153755348,0.0
 5.725889132017581,1.877851641148625,4.41472251873298,-171.31759309753534,-0.479316150950521,-2.9999999999999982,0.005657028823312287,0.0,-0.16661186533985164,0.0
 5.751203915316892,1.890796763070527,4.416698357818895,-171.3218108408015,-0.5552605008484539,-3.0,0.007494287520064796,0.0,-0.2513679530741042,0.0
 5.773712167468142,1.9039030518592714,4.418697471763618,-171.32746869407208,-0.622785257302204,-2.9999999999999987,0.009221961269012497,0.0,-0.3432666744202468,0.0
 5.794243570736457,1.9171688351732559,4.420719243841796,-171.33451644059315,-0.6843794671071481,-3.0,0.010849147858634273,0.0,-0.4405752013660603,0.0
 5.813288880503089,1.9305924406708774,4.4227630573280745,-171.34290733177866,-0.7415153964070461,-3.0,0.012384105655401993,0.0,-0.542047681637137,0.0
 5.83116644531652,1.9441721960105331,4.424828295497098,-171.35259782433909,-0.7951480908473385,-2.9999999999999987,0.013834337480044766,0.0,-0.6467543189739161,0.0
 5.848096393618693,1.9579064288506214,4.4269143416235135,-171.36354734152357,-0.8459379357538589,-2.999999999999997,0.015206674298095168,0.0,-0.7539844182914012,0.0
 5.864238258571252,1.9717934668495387,4.429020578981968,-171.37571805617995,-0.8943635306115331,-3.0000000000000036,0.01650734368908247,0.0,-0.8631861539966106,0.0
 5.879711904559952,1.9858316376656828,4.431146390847103,-171.38907469314924,-0.9407844685776343,-2.9999999999999964,0.017742030466142283,0.0,-0.9739266917060103,0.0
 5.894610003239493,2.000019268957451,4.433291160493568,-171.4035843491089,-0.9854787646162583,-2.9999999999999964,0.018915932368119916,0.0,-1.0858645140617396,0.0
 5.909005886807214,2.014354688383241,4.435454271196007,-171.41921632822365,-1.0286664153194196,-2.9999999999999925,0.02003380969479873,0.0,-1.1987294910484096,0.0
 5.922958712448896,2.0288362236014494,4.437635106229065,-171.4359419918038,-1.0705248922444661,-2.999999999999992,0.02110002541892965,0.0,-1.312308140260532,0.0
 5.936516983160638,2.0434622022704745,4.4398330488673885,-171.45373462082665,-1.1111997043796924,-3.0,0.022118586635063192,0.0,-1.42643245992581,0.0
 5.949721021670726,2.0582309520487128,4.442047482385624,-171.47256928995958,-1.1508118199099546,-2.9999999999999916,0.023093176819004507,0.0,-1.5409713211615412,0.0
 5.96260475403411,2.073140800594562,4.4442777900584165,-171.49242275204105,-1.1894630170001064,-3.0,0.024027186889518617,0.0,-1.6558237263927897,0.0
 5.975197024345569,2.0881900755664202,4.4465233551604095,-171.51327333199194,-1.2272398279344836,-2.9999999999999956,0.024923743084043746,0.0,-1.7709134704745784,0.0
 5.987522582721572,2.103377104622684,4.448783560966252,-171.53510082935114,-1.2642165030624917,-3.0,0.025785730955957247,0.0,-1.8861848658111298,0.0
 5.999602840454472,2.1187002154217507,4.451057790750586,-171.55788642866202,-1.3004572762611921,-3.0000000000000093,0.026615817138746528,0.0,-2.00159927578781,0.0
 6.011456455950033,2.134157735622018,4.4533454277880615,-171.5816126168534,-1.3360181227478778,-2.9999999999999813,0.027416469640664434,0.0,-2.1171323119689727,0.0
 6.023099795506535,2.1497479928818835,4.455645855353322,-171.60626310724768,-1.3709481414173819,-2.999999999999995,0.028189975310779825,0.0,-2.2327715184402233,0.0
 6.0345473000605185,2.1654693148597435,4.457958456721011,-171.63182276937306,-1.4052906550793332,-3.000000000000005,0.028938456411470023,0.0,-2.348514473081794,0.0
 6.045811780280772,2.181320029213997,4.460282615165777,-171.65827756420205,-1.4390840957400932,-2.9999999999999902,0.02966388372492295,0.0,-2.464367222361611,0.0
 6.056904656364013,2.1972984636030404,4.462617713962265,-171.68561448442333,-1.4723627239898174,-3.000000000000015,0.030368091242046313,0.0,-2.5803429631804256,0.0
 6.06783615465557,2.213402945685271,4.46496313638512,-171.71382149911693,-1.5051572188644862,-3.000000000000015,0.031052786825282747,0.0,-2.69646096147954,0.0
 6.0786154702016315,2.2296318031190863,4.467318265708989,-171.74288750267837,-1.5374951655026736,-3.0,0.03171956349077144,0.0,-2.8127456402055655,0.0
 6.089250902156662,2.245983363562884,4.469682485208515,-171.77280226754158,-1.5694014613677636,-2.9999999999999893,0.03236990910516225,0.0,-2.9292258131008846,0.0
 6.099749967368415,2.2624559546750613,4.472055178158346,-171.80355640037328,-1.600898657003022,-2.9999999999999893,0.03300521462605437,0.0,-3.0459340522622247,0.0
 6.110119496274157,2.2790479041140155,4.474435727833128,-171.8351413015732,-1.6320072437202477,-3.0,0.03362678325122013,0.0,-3.1629061458051084,0.0
 6.120365714348748,2.295757539538144,4.476823517507505,-171.86754912769257,-1.6627458979440215,-3.0,0.03423583630284512,0.0,-3.280180649615242,0.0
 6.130494311667549,2.3125831886058443,4.479217930456122,-171.90077275662546,-1.693131689900425,-2.9999999999999782,0.034833521416769216,0.0,-3.3977985092414302,0.0
 6.140510502627671,2.3295231789755135,4.481618349953626,-171.93480575533803,-1.7231802627807897,-2.999999999999989,0.03542091697006344,0.0,-3.51580274494613,0.0
 6.150419077469318,2.3465758383055495,4.4840241592746635,-171.9696423499648,-1.7529059873057329,-3.000000000000022,0.035999039273726025,0.0,-3.634238185698298,0.0
 6.1602244469255805,2.3637394942543493,4.486434741693879,-172.00527739806762,-1.7823220956745178,-3.0,0.03656884691438385,0.0,-3.753151247774182,0.0
 6.169930681082583,2.38101247448031,4.488849480485917,-172.0417063629052,-1.8114407981455256,-3.0000000000000115,0.0371312446635484,0.0,-3.8725897526495836,0.0
 6.179541543336735,2.398393106641829,4.491267758925425,-172.07892528958473,-1.8402733849079824,-2.9999999999999885,0.03768708917479577,0.0,-3.992602779147608,0.0
 6.1890605201800515,2.4158797183973046,4.493688960287049,-172.116930782984,-1.8688303154379315,-3.0,0.038237192114125775,0.0,-4.113240534763527,0.0
 6.198490847419516,2.4334706374051334,4.496112467845433,-172.15571998724147,-1.8971212971563276,-3.0,0.03878232352003483,0.0,-4.23455426095773,0.0
 6.207835533335416,2.4511641913237128,4.498537664875222,-172.19529056680395,-1.9251553549040252,-3.0,0.039323216056429314,0.0,-4.356596150317416,0.0
 6.217097379201442,2.4689587078114403,4.500963934651065,-172.2356406888487,-1.952940892502102,-2.999999999999976,0.03986056696694499,0.0,-4.479419290368933,0.0
 6.226278997522288,2.486852514526714,4.503390660447604,-172.2767690070719,-1.9804857474646402,-3.000000000000012,0.040395041759244944,0.0,-4.603077609618074,0.0
 6.235382828289308,2.50484393912793,4.505817225539486,-172.31867464663733,-2.007797239765702,-3.0000000000000364,0.04092727656001216,0.0,-4.727625852647422,0.0
 6.244411153509301,2.522931309273486,4.508243013201358,-172.36135719035346,-2.0348822154256796,-3.0,0.04145788025272326,0.0,-4.853119553229917,0.0
 6.253366110223707,2.54111295262178,4.510667406707864,-172.4048166658825,-2.0617470855689004,-3.0,0.041987437169113656,0.0,-4.97961502584796,0.0
 6.262249702204071,2.559387196831209,4.513089789333649,-172.4490535339914,-2.08839786150999,-2.9999999999999876,0.04251650856158916,0.0,-5.107169361097542,0.0
 6.271063810483234,2.5777523695601707,4.51550954435336,-172.49406867774013,-2.114840186347479,-3.0000000000000253,0.04304563528301404,0.0,-5.235840434347493,0.0
 6.279810202859656,2.5962067984670614,4.517926055041643,-172.53986339259927,-2.1410793634767433,-3.0,0.04357533928739575,0.0,-5.3656869155348135,0.0
 6.2884905424935384,2.61474881121028,4.520338704673143,-172.5864393773952,-2.167120382378393,-3.0,0.04410612481766384,0.0,-5.496768287208722,0.0
 6.297106395697656,2.633376735448223,4.522746876522505,-172.63379872605483,-2.1929679419907475,-2.999999999999987,0.04463848063254795,0.0,-5.629144872061225,0.0
 6.30565923901234,2.6520888988392874,4.525149953864376,-172.68194392014124,-2.218626471934798,-3.000000000000013,0.04517288117795433,0.0,-5.762877859074879,0.0
 6.314150465642622,2.670883629041872,4.527547319973399,-172.73087782208526,-2.244100151825644,-3.000000000000013,0.04570978820265254,0.0,-5.898029335077932,0.0
 6.322581391325746,2.6897592537143726,4.529938358124223,-172.78060366908622,-2.2693929288750154,-3.0000000000000133,0.04624965161294497,0.0,-6.034662331040187,0.0
 6.33095325968883,2.7087141005151874,4.532322451591491,-172.83112506773733,-2.2945085339642657,-2.9999999999999867,0.04679291095306308,0.0,-6.17284084981308,0.0
 6.33926724714924,2.7277464971027134,4.534698983649852,-172.8824459891578,-2.319450496345498,-3.0000000000000133,0.04733999658038861,0.0,-6.312629927772438,0.0
 6.347524467403986,2.746854771135349,4.537067337573948,-172.9345707648581,-2.344222157109734,-2.9999999999999867,0.04789133065917014,0.0,-6.454095665467177,0.0
 6.355725975549017,2.76603725027149,4.539426896638425,-172.98750408302726,-2.3688266815448302,-3.0000000000000133,0.04844732807583471,0.0,-6.597305291936931,0.0
 6.363872771864653,2.785292262169535,4.54177704411793,-173.04125098547271,-2.3932670704917354,-3.000000000000027,0.04900839774767206,0.0,-6.74232721674774,0.0
 6.371965805299218,2.804618134487881,4.544117163287109,-173.09581686506465,-2.4175461707954318,-3.0,0.04957494320496914,0.0,-6.889231080481141,0.0
 6.380005976679483,2.824013194884925,4.5464466374206065,-173.15120746362996,-2.441666684936226,-3.0000000000000275,0.05014736343817538,0.0,-7.038087821475707,0.0
 6.387994141673299,2.843475771019065,4.54876484979307,-173.20742887038887,-2.4656311799176738,-2.9999999999999862,0.05072605411392657,0.0,-7.188969738928087,0.0
 6.395931113527158,2.863004190548698,4.5510711836791415,-173.26448752086498,-2.489442095479252,-2.9999999999999862,0.051311407970878416,0.0,-7.341950548819115,0.0
 6.403817665598966,2.882596781132221,4.55336502235347,-173.32239019617688,-2.513101751694677,-2.999999999999958,0.051903815966587864,0.0,-7.497105466277836,0.0
 6.411654533704219,2.902251870428033,4.5556457490907,-173.38114402288727,-2.5366123560104334,-2.999999999999986,0.05250366757342028,0.0,-7.654511264936711,0.0
 6.4194424182919,2.921967786094529,4.557912747165476,-173.44075647319372,-2.5599760097734765,-2.9999999999999716,0.05311135173821842,0.0,-7.8142463532069195,0.0
 6.427181986464792,2.941742855790108,4.560165399852445,-173.5012353655641,-2.5831947142921527,-2.999999999999986,0.05372725789159438,0.0,-7.976390853536867,0.0
 6.434873873857395,2.9615754071731675,4.562403090426253,-173.5625888658089,-2.6062703764699613,-3.0,0.05435177584655046,0.0,-8.14102667945161,0.0
 6.442518686383386,2.981463767902104,4.564625202161544,-173.62482548854243,-2.6292048140479367,-2.9999999999999565,0.054985297118738084,0.0,-8.30823761376944,0.0
 6.4501170018633935,3.0014062656353153,4.566831118332965,-173.6879540990147,-2.6519997604879575,-3.0000000000000147,0.055628215633475885,0.0,-8.478109400859195,0.0
 6.457669371542807,3.0214012280311984,4.569020222215163,-173.75198391539251,-2.6746568695261987,-2.999999999999956,0.05628092759597166,0.0,-8.650729828938397,0.0
 6.465176321508487,3.0414469827481523,4.571191897082779,-173.81692451138497,-2.6971777194232365,-2.9999999999999556,0.05694383282557005,0.0,-8.82618881895622,0.0
 6.472638354012345,3.061541857444572,4.5733455262104625,-173.8827858192372,-2.7195638169348104,-2.999999999999985,0.057617335156537094,0.0,-9.004578527636198,0.0
 6.480055948709112,3.081684179778856,4.575480492872859,-173.94957813317043,-2.7418166010251137,-3.000000000000015,0.058301842992918414,0.0,-9.185993437898002,0.0
 6.487429563814891,3.1018722774094014,4.577596180344612,-174.0173121131457,-2.763937446342451,-3.0000000000000453,0.05899776988617725,0.0,-9.370530459308444,0.0
 6.494759637192537,3.1221044779946068,4.5796919719003695,-174.0859987889999,-2.7859276664753887,-3.000000000000015,0.05970553535302831,0.0,-9.558289040405619,0.0
 6.5020465873693745,3.1423791091928677,4.581767250814775,-174.1556495650131,-2.8077885170058994,-2.9999999999999543,0.06042556498404265,0.0,-9.749371267966888,0.0
 6.5092908144922745,3.1626944986625825,4.583821400362476,-174.22627622478373,-2.829521198374599,-2.9999999999999845,0.061158291683437525,0.0,-9.943881987865895,0.0
 6.516492701224692,3.183048974062149,4.585853803818117,-174.29789093654088,-2.8511268585718526,-3.0000000000000773,0.06190415581497489,0.0,-10.141928917404341,0.0
 6.52365261358987,3.2034408630499636,4.5878638444563435,-174.37050625880337,-2.872606595667387,-3.0,0.0626636057698405,0.0,-10.343622766752773,0.0
 6.530770901764075,3.2238684932844244,4.589850905551803,-174.4441351464224,-2.893961460190002,-3.000000000000031,0.06343709905954033,0.0,-10.549077369694729,0.0
 6.537847900823397,3.244330192423929,4.591814370379138,-174.51879095704442,-2.915192457367969,-2.9999999999999845,0.06422510228416362,0.0,-10.75840980648791,0.0
 6.5448839314473775,3.2648242881268734,4.593753622212996,-174.5944874579082,-2.9363005492399092,-3.0,0.06502809225389708,0.0,-10.971740546354525,0.0
 6.551879300582445,3.2853491080516557,4.595668044328024,-174.67123883308415,-2.9572866566451124,-3.0000000000000475,0.06584655640468942,0.0,-11.18919358842856,0.0
 6.558834302067925,3.305902979856674,4.597557019998865,-174.749059691113,-2.978151661101554,-3.00000000000008,0.06668099353266331,0.0,-11.410896601920571,0.0
 6.565749217227151,3.3264842312003258,4.599419932500166,-174.82796507300597,-2.9988964065792323,-2.999999999999984,0.06753191434771406,0.0,-11.636981087963907,0.0
 6.572624315426024,3.3470911897410067,4.601256165106571,-174.90797046072416,-3.0195217011758517,-3.0000000000000644,0.06839984209577984,0.0,-11.867582528728938,0.0
 6.579459854601184,3.3677221831371154,4.603065101092729,-174.98909178601374,-3.040028318701333,-2.9999999999999676,0.06928531351353304,0.0,-12.102840563614082,0.0
 6.586256081759789,3.3883755390470496,4.6048461237332825,-175.07134543974843,-3.0604170001771456,-2.9999999999999347,0.07018887923796044,0.0,-12.342899148786055,0.0
 6.593013233452744,3.409049585129206,4.606598616302878,-175.15474828162763,-3.0806884552560114,-2.9999999999999343,0.07111110477775663,0.0,-12.5879067450769,0.0
 6.599731536223113,3.429742649041982,4.608321962076162,-175.23931765038623,-3.1008433635671175,-2.999999999999967,0.07205257108553616,0.0,-12.838016501831314,0.0
 6.606411207031273,3.4504530584437747,4.610015544327779,-175.32507137444816,-3.1208823759915942,-3.0,0.07301387523953287,0.0,-13.093386447912762,0.0
 6.613052453658302,3.4711791409929824,4.611678746332376,-175.41202778303176,-3.1408061158726817,-3.0,0.07399563164181476,0.0,-13.354179699426647,0.0
 6.619655475088967,3.4919192243480017,4.613310951364596,-175.50020571777603,-3.1606151801646782,-3.000000000000067,0.0749984722432178,0.0,-13.620564662772168,0.0
 6.6262204618755725,3.5126716361672305,4.6149115426990885,-175.58962454481323,-3.180310140524494,-3.0000000000000338,0.07602304800044003,0.0,-13.892715265761774,0.0
 6.6327475964838545,3.533434704109066,4.616479903610496,-175.6803041674274,-3.1998915443493416,-2.999999999999966,0.07707002924875003,0.0,-14.170811171854632,0.0
 6.639237053622035,3.5542067558319053,4.618015417373465,-175.7722650391404,-3.2193599157638837,-3.000000000000034,0.07814010690849027,0.0,-14.4550380342563,0.0
 6.645689000554038,3.5749861189941456,4.619517467262642,-175.8655281774375,-3.238715756559892,-3.0,0.07923399328221782,0.0,-14.74558773393446,0.0
 6.652103597397844,3.5957711212541854,4.6209854365526715,-175.96011517797567,-3.2579595470913105,-2.9999999999999307,0.0803524230191531,0.0,-15.042658645698017,0.0
 6.6584809974098675,3.616560090270421,4.6224187085182,-176.05604822940361,-3.2770917471273804,-3.0000000000000697,0.0814961542325813,0.0,-15.346455910354273,0.0
 6.664821347256188,3.63735135370125,4.623816666433872,-176.15335012877637,-3.296112796666343,-3.000000000000035,0.08266596949750568,0.0,-15.6571917129717,0.0
 6.671124787271427,3.65814323920507,4.625178693574334,-176.2520442975462,-3.315023116712061,-3.0,0.08386267685204224,0.0,-15.97508558654768,0.0
 6.677391451705986,3.6789340744402783,4.626504173214232,-176.35215479823046,-3.3338231100157345,-2.9999999999999645,0.08508711102109519,0.0,-16.3003647182227,0.0
 6.683621468962334,3.699722187065273,4.627792488628211,-176.45370635170974,-3.3525131617847808,-3.0,0.08634013463005458,0.0,-16.63326427109494,0.0
 6.6898149618210025,3.7205059047384497,4.629043023090917,-176.55672435518912,-3.3710936403607854,-3.0,0.08762263927142937,0.0,-16.974027726846817,0.0
 6.695972047656857,3.741283555118207,4.630255159876994,-176.66123490088347,-3.38956489786835,-3.0000000000001084,0.08893554699520512,0.0,-17.322907234695425,0.0
 6.702092838646242,3.7620534658629428,4.631428282261091,-176.76726479539556,-3.4079272708365034,-3.0000000000000724,0.0902798115028624,0.0,-17.68016398846936,0.0
 6.708177441965506,3.7828139646310532,4.63256177351785,-176.87484157988493,-3.4261810807942976,-3.0,0.09165641954733408,0.0,-18.046068603511273,0.0
 6.714225959981432,3.803563379080936,4.633655016921918,-176.9839935509499,-3.4443266348420742,-3.0,0.09306639242353246,0.0,-18.420901530980238,0.0
 6.720238490434012,3.824300036870989,4.6347073957479425,-177.0947497823689,-3.462364226199814,-2.999999999999963,0.09451078747878809,0.0,-18.804953477095307,0.0
 6.7262151266120425,3.845022265659609,4.635718293270568,-177.2071401476463,-3.480294134733907,-3.0000000000000373,0.09599069961239484,0.0,-19.198525845395363,0.0
 6.73215595752194,3.865728393105194,4.636687092764438,-177.32119534341308,-3.4981166274635966,-2.9999999999999254,0.09750726318501148,0.0,-19.601931202709647,0.0
 6.73806106805017,3.886416746866142,4.6376131775042,-177.43694691373187,-3.51583195904829,-3.0000000000000377,0.0990616533258485,0.0,-20.01549376472303,0.0
 6.74393053911969,3.9070856546008486,4.6384959307645,-177.55442727532605,-3.533440372256848,-3.0000000000000377,0.10065508816090532,0.0,-20.398778026675384,0.0
 6.749776108315493,3.927733443967712,4.639334735819982,-177.6736697437908,-3.5368104954363226,-0.5765260946520016,0.10228883043832387,0.0,-20.689111874640584,0.0
 6.755626471428026,3.9483584426251297,4.640128975945294,-177.79470856073326,-3.519259406098723,3.000000000000076,0.10396418955047343,0.0,-20.92399657852994,0.0
 6.761498693824332,3.968958978231499,4.6408780344150795,-177.91757892206192,-3.5016427389098066,3.0,0.10568252365300047,0.0,-21.163733000518672,0.0
 6.767392648598175,3.989533378445217,4.641581294503985,-178.0423170072127,-3.4839608745882766,3.0000000000000377,0.10744524187743283,0.0,-21.408455211876635,0.0
 6.773308208649084,4.010079970924681,4.642238139486657,-178.16896000961572,-3.4662141944355502,2.9999999999999623,0.10925380640001445,0.0,-21.65830129581201,0.0
 6.7792452466869655,4.03059708332829,4.642847952637739,-178.29754616824488,-3.4484030803219037,3.0000000000000746,0.11110973490558544,0.0,-21.9134135043955,0.0
 6.785203635238137,4.051083043314439,4.643410117231879,-178.42811480038654,-3.4305279146683887,3.0000000000000373,0.11301460330471375,0.0,-22.17393842167566,0.0
 6.79118324665287,4.071536178541528,4.64392401654372,-178.5607063356824,-3.4125890804241905,2.9999999999999627,0.1149700478975262,0.0,-22.44002712146065,0.0
 6.797183953114558,4.091954816667951,4.644389033847911,-178.6953623514306,-3.3945869610391264,3.0,0.1169777683767349,0.0,-22.711835344204818,0.0
 6.803205626650636,4.112337285352108,4.644804552419094,-178.83212560927853,-3.3765219404308913,3.000000000000037,0.11903953066944892,0.0,-22.989523665377956,0.0
 6.809248139145365,4.132681912252397,4.645169955531918,-178.97104009327447,-3.3583944029467068,3.000000000000037,0.12115716985590004,0.0,-23.27325768315982,0.0
 6.81531136235462,4.152987025027213,4.645484626461027,-179.11215104941397,-3.3402047333189393,3.0000000000000733,0.12333259327382665,0.0,-23.563208201831127,0.0
 6.821395167922849,4.173250951334953,4.645747948481065,-179.2555050266776,-3.3219533166142523,3.000000000000073,0.1255677839079811,0.0,-23.859551422904172,0.0
 6.827499427402321,4.193472018834018,4.645959304866681,-179.40114991962682,-3.3036405381758356,3.0,0.12786480376020137,0.0,-24.162469153438035,0.0
 6.833624012274866,4.213648555182802,4.646118078892517,-179.54913501268732,-3.285266783558202,2.9999999999999636,0.13022579749623422,0.0,-24.472148999309113,0.0
 6.839768793976264,4.233778888039703,4.646223653833222,-179.69951102605216,-3.266832438454007,3.0000000000000724,0.13265299615041048,0.0,-24.788784592564557,0.0
 6.845933643923493,4.25386134506312,4.6462754129634405,-179.8523301634395,-3.248337888612321,3.0,0.13514872122376428,0.0,-25.11257579640997,0.0
 6.852118433545021,4.273894253911449,4.6462727395578165,179.99235383840508,-3.2297835197477363,3.000000000000036,0.13771538875179198,0.0,-25.44372893962084,0.0
 6.858323034314389,4.293875942243088,4.646215016890998,179.8344856582507,-3.2111697174396325,3.0,0.14035551370272145,0.0,-25.782457050778223,0.0
 6.864547317787297,4.313804737716433,4.64610162823763,179.6740083369386,-3.192496867020908,3.0000000000000355,0.1430717145191232,0.0,-26.1289800932431,0.0
 6.870791155642469,4.333678967989884,4.645931956872357,179.51086322191534,-3.1737653534553907,2.9999999999999645,0.14586671807069101,0.0,-26.483525214674117,0.0
 6.877054419726556,4.353496960721836,4.645705386069825,179.3449899096183,-3.1549755612031314,2.9999999999999645,0.14874336451693038,0.0,-26.846327000627973,0.0
 6.883336982103372,4.373257043570687,4.645421299104681,179.17632618564846,-3.136127874072684,3.0000000000000355,0.15170461262235113,0.0,-27.217627740892276,0.0
 6.889638715107787,4.392957544194835,4.645079079251569,179.00480796261178,-3.117222675059439,3.0,0.1547535454322862,0.0,-27.59767768772168,0.0
 6.895959491404602,4.412596790252676,4.6446781097851355,178.8303692156361,-3.098260346168994,3.0,0.15789337599235995,0.0,-27.9867353441175,0.0
 6.902299184052773,4.432173109402609,4.644217773980025,178.65294191532865,-3.0792412682244787,3.0,0.16112745339862486,0.0,-28.38506773298847,0.0
 6.908657666575378,4.451684829303031,4.643697455110885,178.47245595824552,-3.0601658206566653,3.000000000000035,0.16445926944189013,0.0,-28.792950699259947,0.0
 6.915034813035728,4.471130277612339,4.64311653645236,178.28883909461067,-3.0410343812756144,2.9999999999999654,0.16789246495968907,0.0,-29.210669192719703,0.0
 6.921430498120096,4.49050778198893,4.642474401279095,178.1020168533504,-3.0218473260225105,3.0000000000000693,0.1714308371829981,0.0,-29.638517579908658,0.0
 6.927844597227519,4.509815670091203,4.641770432865737,177.91191246419575,-3.00260502870024,3.0,0.17507834700497213,0.0,-30.07679994512105,0.0
 6.934276986567209,4.529052269577553,4.641004014486931,177.71844677685678,-2.9833078606811725,3.0,0.1788391266526772,0.0,-30.525830404614798,0.0
 6.940727543264115,4.548215908106379,4.640174529417323,177.52153817711167,-2.9639561905904537,3.0000000000000346,0.18271748798797274,0.0,-30.985933423505134,0.0
 6.947196145473252,4.567304913336078,4.639281360931559,177.32110249971623,-2.9445503839630427,3.000000000000034,0.18671793081022303,0.0,-31.45744413639467,0.0
 6.953682672503417,4.586317612925047,4.638323892304283,177.11705293802558,-2.925090802872547,3.0000000000000684,0.19084515181451353,0.0,-31.940708668978104,0.0
 6.960187004951002,4.605252334531684,4.637301506810141,176.9092999502311,-2.9055778055297927,2.999999999999966,0.19510405405162393,0.0,-32.436084467276785,0.0
 6.966709024844635,4.624107405814387,4.6362135877237804,176.69775116206398,-2.886011745848893,2.999999999999932,0.19949975647823587,0.0,-32.943940619715285,0.0
 6.97324861580146,4.642881154431552,4.635059518319845,176.48231126590508,-2.8663929729784177,2.999999999999932,0.20403760433002419,0.0,-33.46465818225213,0.0
 6.979805663195908,4.6615719080415765,4.633838681872981,176.2628819161651,-2.846721830795077,3.0,0.20872317972988905,0.0,-33.99863050463038,0.0
 6.986380054341886,4.680177994302859,4.632550461657834,176.03936162080004,-2.826998657357141,2.9999999999999325,0.21356231285703225,0.0,-34.54626354218878,0.0
 6.992971678689399,4.698697740873795,4.631194240949051,175.81164562891976,-2.807223784314602,3.0000000000000338,0.21856109367758514,0.0,-35.10797617496166,0.0
 6.999580428036654,4.717129475412785,4.6297694030212755,175.57962581429004,-2.7873975362728367,3.0000000000000338,0.22372588407943833,0.0,-35.684200500403115,0.0
 7.0062061967588285,4.735471525578222,4.628275331149154,175.34319055473864,-2.767520230106312,3.0,0.2290633305788464,0.0,-36.2753821306265,0.0
 7.012848882054746,4.753722219028507,4.626711408607331,175.10222460725578,-2.747592174218562,3.0,0.23458037761745681,0.0,-36.88198046278395,0.0
 7.019508384212795,4.771879883422036,4.6250770186704555,174.8566089787707,-2.727613667744413,2.9999999999999334,0.24028428125515658,0.0,-37.50446893864859,0.0
 7.026184606897575,4.789942846417207,4.623371544613169,174.60622079246193,-2.7075849996900763,2.9999999999999667,0.24618262372438668,0.0,-38.14333526503721,0.0
 7.032877457458794,4.807909435672417,4.621594369710121,174.3509331496265,-2.6875064480064177,2.9999999999999667,0.2522833282203228,0.0,-38.79908163368863,0.0
 7.039586847264165,4.825777978846062,4.619744877235953,174.09061498685568,-2.667378278590304,3.0000000000000333,0.25859467435422734,0.0,-39.4722248684789,0.0
 7.0463126920580805,4.843546803596543,4.617822450465314,173.82513092871977,-2.647200744208559,3.000000000000033,0.26512531446009685,0.0,-40.163296577591126,0.0
 7.0530549123480695,4.861214237582254,4.615826472672849,173.55434113562148,-2.62697408333859,3.000000000000033,0.27188428988384444,0.0,-40.87284321208734,0.0
 7.0598134338211755,4.878778608461593,4.613756327133202,173.27810114710573,-2.6066985189192726,2.999999999999967,0.2788810484775921,0.0,-41.60142610533189,0.0
 7.066588187792539,4.896238243892957,4.61161139712102,172.9962617203842,-2.5863742570051818,3.0,0.2861254621093471,0.0,-42.34962143046663,0.0
 7.073379111688712,4.913591471534746,4.609391065910948,172.7086686642182,-2.5660014853166646,3.000000000000033,0.29362784496806715,0.0,-43.11802008141698,0.0
 7.0801861495683776,4.930836619045355,4.607094716777634,172.4151626682278,-2.545580371677666,2.9999999999999347,0.3013989722350844,0.0,-43.90722748564793,0.0
 7.087009252683432,4.947972014083181,4.604721732995719,172.11557912759707,-2.525111062332503,3.0000000000000324,0.30945009925936945,0.0,-44.7178632877538,0.0
 7.093848380083562,4.964995984306623,4.602271497839852,171.8097479635105,-2.5045936801321123,3.0,0.31779298097569025,0.0,-45.55056095977379,0.0
 7.100703499267779,4.981906857374079,4.599743394584679,171.4974934392233,-2.484028322579461,2.9999999999999676,0.3264398918116816,0.0,-46.40596724689974,0.0
 7.107574586886614,4.998702960943943,4.597136806504843,171.17863397223314,-2.4634150597229594,3.0,0.3354036456896564,0.0,-47.28474148362768,0.0
 7.114461629499014,5.015382622674616,4.594451116874992,170.85298194271903,-2.4427539318857567,2.9999999999999356,0.34469761620038675,0.0,-48.18755474953338,0.0
 7.12136462438833,5.031944170224493,4.591685708969771,170.52034349855435,-2.42204494721781,3.0,0.3543357567219032,0.0,-49.115088823148795,0.0
 7.128283580442124,5.048385931251973,4.588839966063825,170.18051835740883,-2.4012880790564273,3.0000000000000644,0.3643326204880106,0.0,-50.06803492691163,0.0
 7.135218519100995,5.064706233415452,4.585913271431799,169.83329960642044,-2.380483263079813,2.999999999999968,0.3747033802152525,0.0,-51.04709224168779,0.0
 7.1421694753820155,5.080903404373328,4.582905008348342,169.4784734999753,-2.3596303942367536,3.000000000000032,0.38546384734157285,0.0,-52.05296614100957,0.0
 7.149136498982886,5.096975771783999,4.579814560088096,169.11581925637557,-2.3387293234341406,3.0000000000000955,0.396630490289347,0.0,-53.086366120609206,0.0
 7.156119655473474,5.112921663305861,4.576641309925707,168.7451088542387,-2.3177798539623775,2.999999999999968,0.4082204519291313,0.0,-54.14800339768819,0.0
 7.163119027581949,5.128739406597313,4.5733846411358225,168.3661068295273,-2.296781737636953,2.9999999999999685,0.42025156550577036,0.0,-55.238588124608675,0.0
 7.170134716583421,5.144427329316751,4.570043936993088,167.97857007436465,-2.275734670632537,2.9999999999999685,0.43274236878956046,0.0,-56.35882616825997,0.0
 7.177166843799677,5.159983759122573,4.566618580772147,167.58224763899062,-2.2546382889837697,2.999999999999937,0.44571211614424394,0.0,-57.509415425681304,0.0
 7.1842155522194036,5.175407023673176,4.563107955747648,167.17688053826603,-2.2334921637245895,3.000000000000063,0.45918078796286954,0.0,-58.69104161080306,0.0
 7.191281008249157,5.190695450626958,4.559511445194233,166.7622015644245,-2.2122957956353284,3.0000000000000315,0.4731690965867621,0.0,-59.90437343516231,0.0
 7.198363403606283,5.205847367642316,4.555828432386551,166.33793510813572,-2.1910486095639503,3.0000000000000315,0.4876984887126483,0.0,-61.150057167009415,0.0
 7.205462957366057,5.220861102377647,4.5520583005992465,165.90379698986527,-2.1697499482846268,2.9999999999999374,0.5027911428062555,0.0,-62.428710430247364,0.0
 7.212579918176484,5.2357349824913495,4.548200433106965,165.45949430428774,-2.1483990658533485,3.000000000000031,0.5184699613145974,0.0,-63.74091523974152,0.0
 7.219714566655464,5.2504673356418206,4.5442542131843515,165.00472528032375,-2.1269951204164093,2.999999999999969,0.5347585563083197,0.0,-65.08721012810973,0.0
 7.226867217986513,5.265056489487456,4.540219024106053,164.53917916016667,-2.1055371664232614,3.000000000000062,0.5516812277534359,0.0,-66.46808132228095,0.0
 7.234038224730769,5.2795007716866555,4.536094249146714,164.06253610072682,-2.0840241461904934,2.999999999999969,0.5692629330672974,0.0,-67.88395284660557,0.0
 7.2412279798748145,5.293798509897814,4.531879271580981,163.5744671015498,-2.062454880758357,3.0,0.5875292467618163,0.0,-69.33517546218165,0.0
 7.248436920135827,5.307948031779332,4.527573474683498,163.07463396365608,-2.040828059975318,2.9999999999999694,0.606506308533596,0.0,-70.82201434355105,0.0
 7.255665529547763,5.321947664989604,4.523176241728913,162.56268928420005,-2.0191422317395116,3.0000000000000306,0.6262207583566651,0.0,-72.34463536539472,0.0
 7.262914343354754,5.335795737187029,4.51868695599187,162.0382764925016,-1.9973957903185369,3.0000000000000306,0.6466996566582975,0.0,-73.90308989666472,0.0
 7.2701839522406875,5.349490576030003,4.514105000747015,161.50102993349088,-1.9755869636607362,2.9999999999999694,0.6679703874945181,0.0,-75.49729796817789,0.0
 7.2774750069270295,5.363030509176924,4.509429759268993,160.95057500533383,-1.9537137996017109,2.9999999999999694,0.690060542890438,0.0,-77.12702972053118,0.0
 7.284788223174491,5.3764138642861905,4.504660614832452,160.38652835846324,-1.9317741508593274,3.0,0.7129977856149395,0.0,-78.79188496687559,0.0
 7.292124387228096,5.3896389690161985,4.499796950712034,159.80849816425342,-1.9097656586985106,3.0,0.7368096880072331,0.0,-80.4912707843343,0.0
 7.299484361749723,5.402704151025346,4.494838150182389,159.21608446206739,-1.8876857351336316,2.99999999999997,0.7615235443632908,0.0,-82.22437702332978,0.0
 7.306869092287283,5.415607737972031,4.4897835965181585,158.6088795941313,-1.8655315435209499,3.00000000000003,0.7871661534435714,0.0,-83.9901495824342,0.0
 7.3142796143355735,5.42834805751465,4.48463267299399,157.98646873881148,-1.843299977376079,3.0,0.8137635688126434,0.0,-85.78726142405327,0.0
 7.321717061050465,5.440923437311598,4.479384762884529,157.34843055315366,-1.8209876372314058,3.0000000000000298,0.8413408131746134,0.0,-87.61408119686662,0.0
 7.329182671685787,5.453332205021278,4.474039249464421,156.6943379367663,-1.7985908053254367,3.0,0.8699215540067751,0.0,-89.46863945335961,0.0
 7.336677800831049,5.465572688302083,4.468595516008312,156.02375892961246,-1.7761054178896496,3.0000000000000298,0.8995277369714564,0.0,-91.34859243424275,0.0
 7.344203928538359,5.477643214812412,4.463052945790848,155.33625775706938,-1.753527034767721,3.0,0.9301791741822135,0.0,-93.25118344500642,0.0
 7.351762671438708,5.489542112210662,4.457410922086673,154.6313960362553,-1.7308508060666747,3.0,0.9618930840909872,0.0,-95.17320190934004,0.0
 7.359355794961589,5.50126770815523,4.451668828170435,153.90873415808963,-1.7080714354980333,2.9999999999999707,0.9946835805925491,0.0,-97.11094023636515,0.0
 7.366985226788025,5.512818330304514,4.445826047316777,153.1678328599551,-1.6851831400187223,3.0000000000000293,1.0285611087931001,0.0,-99.06014871508815,0.0
 7.3746530716860486,5.524192306316911,4.439881962800347,152.40825500403272,-1.662179605324654,3.0,1.0635318260604345,0.0,-101.01598875427085,0.0
 7.382361627900024,5.535387963850819,4.433835957895789,151.62956757621006,-1.6390539366827266,3.0,1.0995969272693082,0.0,-102.97298485842686,0.0
 7.390113405291788,5.546403630564635,4.427687415877749,150.83134392022208,-1.6157986045074348,3.0,1.1367519146330187,0.0,-104.924975879592,0.0
 7.397911145463144,5.557237634116755,4.421435720020873,150.01316622082723,-1.5924053839933665,3.0000000000000284,1.174985813576749,0.0,-106.86506619584154,0.0
 7.405757844127196,5.56788830216558,4.415080253599806,149.1746282486745,-1.5688652880012115,2.9999999999999716,1.2142803379150924,0.0,-108.78557762409747,0.0
 7.413656776041566,5.578353962369503,4.408620399889195,148.3153383777564,-1.5451684922581026,3.0,1.2546090094052929,0.0,-110.67800301933495,0.0
 7.4216115228718085,5.588632942386924,4.402055542163684,147.43492288406074,-1.5213042517673743,3.0,1.295936239160436,0.0,-112.5329626877057,0.0
 7.429626004420497,5.598723569876239,4.39538506369792,146.53302953098088,-1.497260807121309,3.0,1.3382163810971273,0.0,-114.36521773619451,0.0
 7.4377027440624985,5.608624172495848,4.388608347766548,145.60933144322476,-1.4736760922345251,2.9200786371935457,1.381392770724359,0.0,-116.20033597148483,0.0
 7.445842136853537,5.618333077904145,4.381724777644212,144.66353126630224,-1.4507505466568986,2.816616198061885,1.4253967654656712,0.0,-118.0419821043136,0.0
 7.454044012540731,5.6278486137595305,4.3747337366055605,143.69536560321268,-1.4285000989177816,2.71284869311757,1.4701468074224229,0.0,-119.88660727255068,0.0
 7.462308120705957,5.6371691077204,4.367634607925239,142.70460971315035,-1.4069408731225383,2.608778269137439,1.5155475319599365,0.0,-121.73032519918247,0.0
 7.470634125435414,5.64629288744515,4.360426774877889,141.6910824498237,-1.3860891680579934,2.504407064624233,1.5614889506997736,0.0,-123.56890443102121,0.0
 7.4790215999889496,5.65521828059218,4.353109620738162,140.6546514083001,-1.365961433182221,2.399737220935654,1.6078457410278217,0.0,-125.39776386627159,0.0
 7.487470021523757,5.663943614819887,4.3456825287807,139.59523823963562,-1.3465742416726816,2.294770855083949,1.6544766770614996,0.0,-127.2119721133437,0.0
 7.495978765934594,5.672467217786666,4.338144882280149,138.5128240829247,-1.3279442599875544,2.189510083461916,1.7012242418064776,0.0,-129.00625140654296,0.0
 7.5045471028805775,5.680787417150918,4.330496064511156,137.4074550527352,-1.3100882141116292,2.0839570138865624,1.74791446110842,0.0,-130.77498668616946,0.0
 7.513174191074581,5.688902540571038,4.3227354587483635,136.27924770902393,-1.2930228524672542,1.9781137343925252,1.79435700166683,0.0,-132.5122404517121,0.0
 7.521859073918343,5.696810915705424,4.314862448266421,135.12839442533644,-1.2767649052455015,1.871982330012778,1.8403455759143785,0.0,-134.21177403361278,0.0
 7.530600675571818,5.704510870212474,4.306876416339972,133.9551685595284,-1.2613310404714846,1.76556486852517,1.8856586932391364,0.0,-135.86707574524786,0.0
 7.539397797549267,5.712000731750584,4.2987767462436635,132.75992932147815,-1.2467378167453769,1.6588634059544043,1.9300607939897807,0.0,-137.47139636191733,0.0
 7.5482491159376135,5.719278827978153,4.290562821252139,131.54312622298815,-1.233001632917589,1.5518799827460306,1.973303795492036,0.0,-139.01779218678422,0.0
 7.557153179333309,5.726343486553576,4.282234024640045,130.30530298822742,-1.2201386748869985,1.4446166271468157,2.0151290705623546,0.0,-140.4991758180277,0.0
 7.566108407592539,5.733193035135254,4.273789739682029,129.04710079854334,-1.2081648599054822,1.3370753525099,2.0552698668673646,0.0,-141.90837450500044,0.0
 7.575113091485097,5.7398258013815795,4.265229349652735,127.76926074441901,-1.1970957788628027,1.2292581477321076,2.0934541610683337,0.0,-143.23819572905572,0.0
 7.5841653933360895,5.746240112950954,4.256552237826808,126.4726253600881,-1.1869466367805703,1.1211669970019722,2.129407926258436,0.0,-144.48149945565007,0.0
 7.593263348729252,5.7524342975017735,4.2477577874788945,125.1581391229033,-1.1777321924686146,1.0128038568841886,2.1628587707627966,0.0,-145.63127609266286,0.0
 7.60240486933251,5.758406682692437,4.23884538188364,123.82684781202362,-1.1694666976543244,0.9041706706152671,2.1935398895890437,0.0,-146.68072904294235,0.0
 7.611587746890772,5.764155596181338,4.2298144043156904,122.47989663706554,-1.1621638364993792,0.7952693595891395,2.2211942488067895,0.0,-147.62336034829232,0.0
 7.620809658411912,5.769679365626877,4.22066423804969,121.11852706948027,-1.155836666123962,0.6861018305058728,2.245578906343381,0.0,-148.45305775765468,0.0
 7.630068172550416,5.774976318687451,4.211394266360287,119.7440723353269,-1.1504975590784192,0.5766699673048935,2.266469356046951,0.0,-149.16418125044248,0.0
 7.63936075716984,5.780044783021457,4.202003872522125,118.35795155887016,-1.1461581484749792,0.46697563499930433,2.283663770850805,0.0,-149.751646963193,0.0
 7.648684788040852,5.784883086287292,4.19249243980985,116.96166257960029,-1.1428292766056425,0.35702068294149647,2.2969870133655372,0.0,-150.21100633746488,0.0
 7.658037558606147,5.789489556143353,4.1828593514981085,115.5567735009439,-1.140520947939037,0.2468069381677035,2.306294280553332,0.0,-150.53851830349436,0.0
 7.667416290718771,5.793862520248039,4.173103990861544,114.14491306514405,-1.13924228712194,0.13633621279957434,2.3114742551583904,0.0,-150.73121241920916,0.0
 7.676818146237004,5.7980003062597465,4.163225741174805,112.72775998389068,-1.1390015027775957,0.02561030042181002,2.312451647445603,0.0,-150.78694104448147,0.0
 7.686240239337394,5.801901241836872,4.153223985712535,111.30703138704658,-1.1398058576454717,-0.0853690214377861,2.309189029659113,0.0,-150.70441890368429,0.0
 7.695679649389547,5.805563654637814,4.143098107749381,109.88447058034325,-1.141661645559291,-0.1965999891482563,2.301687889288133,0.0,-150.4832487551914,0.0
 7.705133434221784,5.808985872320971,4.132847490559986,108.46183432575572,-1.1445741756668024,-0.3080808543029202,2.2899888555008103,0.0,-150.12393227864024,0.0
 7.7145986435969105,5.812166222544737,4.122471517418999,107.04087987452098,-1.148547764103278,-0.4198098825914461,2.274171084636737,0.0,-149.6278657700893,0.0
 7.724072332712837,5.815103032967512,4.111969571601066,105.62335199113554,-1.1535857331480368,-0.5317853460368658,2.254350823163989,0.0,-149.15138420730142,0.0
 7.733541784114687,5.8177946312476925,4.10134103638083,104.21097020686591,-1.1620823492137178,-0.8972659244041915,2.221505767928259,0.0,-113.25882784678177,0.0
 7.752139888406937,5.822435502013861,4.079701730832033,102.10457071455345,-1.2178766620904689,-3.000000000000012,1.5366342822861296,0.0,-197.0936567063878,0.0
 7.758951694246537,5.823997598669235,4.071483329506997,100.76200699285262,-1.2383120796092713,-3.0000000000000324,-0.20666361478561482,0.0,14.822719308771777,0.0
 7.7656157229329965,5.825565047372561,4.063313574832165,100.8607860195376,-1.2583041656686482,-3.0000000000001,-0.21523041126344816,0.0,15.681901036261754,0.0
 7.7721390190395,5.8271382102018014,4.055192420944796,100.96308370351004,-1.2778740539881601,-3.000000000000068,-0.2240067098682227,0.0,16.570761184642922,0.0
 7.778528061629289,5.828717449234925,4.047119821982151,101.06895500246392,-1.2970411817575263,-3.0000000000000697,-0.23299731960013934,0.0,17.48998649202264,0.0
 7.784788826732577,5.830303126549896,4.0390957320814875,101.17845569955016,-1.3158234770673913,-2.9999999999999645,-0.24220713009366462,0.0,18.44028022551325,0.0
 7.790926841222471,5.831895604224681,4.031120105380068,101.29164240677207,-1.3342375205370727,-3.000000000000036,-0.251641110499697,0.0,19.42236200874805,0.0
 7.796947229496859,5.833495244337248,4.02319289601515,101.40857256727045,-1.3522986853602375,-3.0000000000000737,-0.2613043076064523,0.0,20.43696767489885,0.0
 7.802854754108927,5.835102408965561,4.0153140581239954,101.52930445680595,-1.3700212591964416,-2.9999999999999623,-0.2712018431681467,0.0,21.48484905760376,0.0
 7.808653851280383,5.836717460187587,4.007483545843862,101.65389718420506,-1.3874185507108074,-2.9999999999999236,-0.28133891118944404,0.0,22.566773725232583,0.0
 7.814348662065596,5.838340760081293,3.999701313312012,101.782410690603,-1.404502983066449,-3.000000000000078,-0.291720774744989,0.0,23.68352469242909,0.0
 7.819943059802157,5.839972670724642,3.9919673146657035,101.9149057475361,-1.4212861762761317,-3.0,-0.30235276262852584,0.0,24.83590008584757,0.0
 7.82544067437634,5.841613554195605,3.9842815040421975,102.05144395381099,-1.437779019998678,-2.9999999999998788,-0.31324026515987974,0.0,26.024712704844017,0.0
 7.830844913745311,5.8432637725721435,3.976643835578752,102.19208773077669,-1.4539917381055945,-3.0,-0.32438872929196716,0.0,27.25078960234765,0.0
 7.836158983087217,5.844923687932226,3.969054263412629,102.33690031634525,-1.4699339461313101,-2.9999999999999165,-0.33580365362437836,0.0,28.51497150922559,0.0
 7.84138590189232,5.846593662353819,3.961512741681087,102.4859457571538,-1.485614702546619,-2.9999999999999574,-0.3474905827516728,0.0,29.818112262609148,0.0
 7.846528519260661,5.848274057914888,3.9540192245213865,102.63928889916664,-1.501042554651642,-2.999999999999914,-0.3594551006181738,0.0,31.16107810774563,0.0
 7.851589527632132,5.849965236693397,3.946573666070787,102.796995376334,-1.516225579766054,-3.000000000000044,-0.3717028237300397,0.0,32.544746946198686,0.0
 7.856571475141996,5.851667560767318,3.9391760204665482,102.95913159734175,-1.5311714222956467,-3.0,-0.38423939284021763,0.0,33.97000743500735,0.0
 7.8614767767673905,5.85338139221461,3.9318262418459304,103.12576473002737,-1.54588732717183,-3.0000000000000453,-0.39707046520890943,0.0,35.437758114444414,0.0
 7.866307724407289,5.8551070931132445,3.924524284346193,103.29696268395364,-1.5603801700915263,-3.0000000000000457,-0.41020170399236766,0.0,36.948906231584864,0.0
 7.871066496018969,5.856845025541184,3.917270102104596,103.4727940900111,-1.5746564849265643,-3.0000000000000466,-0.42363876927780203,0.0,38.50436667800963,0.0
 7.875755163917593,5.858595551576398,3.9100636492583996,103.65332827801116,-1.5887224886224378,-2.9999999999999054,-0.4373873056903824,0.0,40.105060591964744,0.0
 7.880375702331573,5.8603590332968505,3.902904879944863,103.83863525107134,-1.6025841038643784,-3.000000000000048,-0.45145293112251156,0.0,41.75191400569231,0.0
 7.884929994294473,5.862135832780507,3.8957937483012466,104.02878565746315,-1.6162469797530783,-3.0000000000000977,-0.4658412228776358,0.0,43.44585623585474,0.0
 7.889419837944076,5.8639263121053355,3.8887302084648105,104.22385075918527,-1.6297165107018874,-3.0,-0.48055770360498173,0.0,45.18781817292609,0.0
 7.893846952290511,5.865730833349303,3.8817142145728134,104.4239023973027,-1.6429978537411916,-3.0,-0.49560782579888446,0.0,46.978730420327125,0.0
 7.898212982507832,5.867549758590372,3.8747457207625158,104.62901295388927,-1.6560959443931575,-2.999999999999949,-0.5109969551898256,0.0,48.81952126155264,0.0
 7.902519504797006,5.869383449906511,3.8678246811711783,104.83925531034893,-1.6690155112606777,-3.0,-0.526730352519469,0.0,50.71111442296925,0.0
 7.906768030862615,5.871232269375686,3.8609510499360593,105.05470280179102,-1.6817610894575061,-3.0000000000001044,-0.5428131545621493,0.0,52.65442669473162,0.0
 7.910960012040786,5.873096579075863,3.8541247811944195,105.27542916744271,-1.6943370329920184,-3.0,-0.5592503530797139,0.0,54.650365331480245,0.0
 7.915096843111576,5.874976741085009,3.8473458290835185,105.50150849677598,-1.7067475262043874,-2.999999999999839,-0.5760467730336972,0.0,56.69982524655411,0.0
 7.919179865825397,5.876873117481089,3.840614147740616,105.73301517112736,-1.7189965943458507,-3.0,-0.5932070486967671,0.0,58.80368600452352,0.0
 7.9232103721698195,5.878786070342068,3.8339296913029726,105.97002380064403,-1.7310881133791183,-2.999999999999945,-0.6107355986434118,0.0,60.96280858611767,0.0
 7.927189607400271,5.880715961745915,3.8272924139078475,106.21260915631716,-1.7430258190704722,-3.0,-0.6286365985529686,0.0,63.17803187944786,0.0
 7.931118772855665,5.882663153770594,3.820702269692501,106.46084609671765,-1.7548133154366534,-3.0000000000000564,-0.6469139531500407,0.0,65.45016902722836,0.0
 7.934999028577814,5.884628008494073,3.814159212794192,106.7148094896012,-1.766454082603102,-3.000000000000172,-0.6655712654560104,0.0,67.78000335934833,0.0
 7.938831495751536,5.886610887994316,3.8076631973501813,106.97457412751066,-1.7779514841242674,-2.9999999999998264,-0.6846118054650508,0.0,69.96390986953699,0.0
 7.942628317726083,5.88861215434929,3.8012141774977284,107.24021463792852,-1.7789186572133222,-0.25473227228946194,-0.7040384757872901,0.0,71.73866982416422,0.0
 7.946414152475296,5.890632169636962,3.794812107374093,107.51180538701118,-1.7675611529656814,3.0000000000001172,-0.723853776066662,0.0,73.28477552614157,0.0
 7.950202319772915,5.892671295935298,3.788456941116535,107.78942037707263,-1.7561966510728262,2.9999999999998828,-0.7440597660585517,0.0,74.84391842770034,0.0
 7.95399304541287,5.894729895322262,3.7821486328623144,108.0731331376513,-1.744824474152958,3.0,-0.7646580257322332,0.0,76.41542854589079,0.0
 7.957786565615133,5.896808329875824,3.7758871367486915,108.36301660960464,-1.733443913546172,2.9999999999998828,-0.7856496142750214,0.0,77.99857400535365,0.0
 7.9615831274942055,5.898906961673946,3.769672406912925,108.6591430222954,-1.7220542279089548,2.9999999999999414,-0.8070350273365704,0.0,79.59255808939177,0.0
 7.965382989549173,5.901026152794597,3.7635043974922757,108.96158376363705,-1.7106546417440536,2.9999999999998246,-0.8288141517258267,0.0,81.19651620433284,0.0
 7.969186422176408,5.903166265315742,3.757383062624003,109.2704092425865,-1.6992443438623464,2.999999999999942,-0.8509862191909806,0.0,82.80951291718068,0.0
 7.972993708206148,5.905327661315346,3.7513083564453664,109.58568874424557,-1.6878224857731283,3.000000000000175,-0.8735497580219138,0.0,84.43053892688903,0.0
 7.976805143464199,5.907510702871379,3.7452802330936272,109.90749027716781,-1.6763881799989735,3.0,-0.8965025426493457,0.0,86.0585080196816,0.0
 7.9806210373601605,5.909715752061803,3.739298646706043,110.2358804126156,-1.664940498311091,3.0000000000001164,-0.9198415430578356,0.0,87.69225421101557,0.0
 7.984441713503594,5.9119431709645855,3.733363551419876,110.5709241162436,-1.6534784698807878,3.000000000000058,-0.943562870912512,0.0,89.33052872332031,0.0
 7.988267510349748,5.914193321657695,3.7274749013723842,110.91268457129851,-1.6420010793423274,3.0,-0.9676617256508409,0.0,90.971997182514,0.0
 7.992098781876461,5.9164665662190945,3.7216326507008284,111.26122299383209,-1.6305072647621879,3.000000000000116,-0.9921323399188601,0.0,92.61523691806491,0.0
 7.995935898294109,5.918763266726751,3.715836753542469,111.61659843993473,-1.6189959155092444,3.0,-1.0169679222630854,0.0,94.25873425778761,0.0
 7.999779246790492,5.92108378525863,3.710087164034564,111.97886760451539,-1.607465870020095,3.0,-1.0421606014568698,0.0,95.90088213603067,0.0
 8.003629232312782,5.9234284838927005,3.704383836314374,112.34808461231395,-1.595915913453224,3.0000000000001155,-1.0677013683070269,0.0,97.53997771788019,0.0
 8.007486278388784,5.925797724706926,3.69872672451916,112.72430080062405,-1.584344775225218,2.999999999999885,-1.0935800195334846,0.0,99.17422040952266,0.0
 8.011350827989963,5.928191869779272,3.6931157827861805,113.10756449455485,-1.5727511264216825,3.0000000000000573,-1.1197851001070767,0.0,100.8017099632683,0.0
 8.015223344438882,5.930611281187708,3.6875509652526963,113.49792077446678,-1.5611335770749255,2.9999999999999427,-1.1463038469332925,0.0,102.42044490984094,0.0
 8.019104312363934,5.933056321010196,3.682032226055967,113.89541123603149,-1.549490673299767,3.0000000000001146,-1.1731221344831144,0.0,104.02832141542001,0.0
 8.022994238704497,5.935527351324706,3.676559519333251,114.30007374366984,-1.5378208942780798,2.9999999999999427,-1.20022442015093,0.0,105.62313229174651,0.0
 8.026893653769898,5.938024734209202,3.6711327992218106,114.71194217698314,-1.526122649081876,3.0,-1.2275936934753988,0.0,107.20256660883243,0.0
 8.030803112355937,5.94054883174165,3.6657520198589038,115.13104617145747,-1.5143942733237585,3.000000000000057,-1.2552114268472012,0.0,108.76420963527865,0.0
 8.034723194922991,5.943100006000017,3.6604171353817914,115.55741085356819,-1.5026340256225945,3.00000000000017,-1.283057529635905,0.0,110.30554327502364,0.0
 8.03865450884017,5.945678619062269,3.6551280999277327,115.99105657098708,-1.490840083871063,2.9999999999999436,-1.3111103063132,0.0,111.82394705967396,0.0
 8.042597689700361,5.948285033006372,3.6498848676339875,116.43199861874393,-1.4790105412904864,3.0,-1.3393464187681157,0.0,113.316699713929,0.0
 8.046553402711563,5.950919609910292,3.644687392637816,116.88024696218879,-1.4671434022568801,3.000000000000056,-1.367740853964887,0.0,114.78098129711978,0.0
 8.050522344170332,5.953582711851995,3.639535629076478,117.33580595753705,-1.4552365778805754,3.0,-1.3962668970717538,0.0,116.2138760285072,0.0
 8.05450524302387,5.956274700909448,3.6344295310872337,117.79867407113635,-1.4432878813199577,2.999999999999944,-1.424896111617122,0.0,117.61237580153232,0.0
 8.058502862527911,5.958995939160617,3.629369052807342,118.26884359855703,-1.4312950228078374,3.0,-1.4535983266635546,0.0,118.9733844455489,0.0
 8.062516002008294,5.961746788683468,3.624354148374063,118.74630038479044,-1.419255604366684,2.9999999999998894,-1.4823416319542475,0.0,120.29372269957864,0.0
 8.066545498735053,5.964527611555965,3.6193847719246572,119.23102354665777,-1.4071671141864133,3.000000000000165,-1.511092382563768,0.0,121.57013407273271,0.0
 8.070592229918697,5.967338769856078,3.6144608775963842,119.7229851992098,-1.3950269206354788,2.9999999999998903,-1.5398152117515942,0.0,122.79929141322481,0.0
 8.074657114839585,5.97018062566177,3.609582419526504,120.22215018717117,-1.3828322658728147,2.9999999999998908,-1.56847305616031,0.0,123.97780444673607,0.0
 8.07874111712239,5.973053541051009,3.6047493518522753,120.72847582354893,-1.3705802590243967,2.999999999999891,-1.597027190162721,0.0,125.11514687953203,0.0
 8.082844823395202,5.97595787810176,3.5999616287109593,121.2419116366222,-1.3585496665356938,2.93164073861957,-1.6254372728476651,0.0,126.2295403240082,0.0
 8.086968164804347,5.97889399889199,3.595219204239815,121.7623991272975,-1.3469061370948103,2.8238092084880884,-1.6536614078075471,0.0,127.32732078777607,0.0
 8.091110813909452,5.9818622654996645,3.5905220325761027,122.28987153881435,-1.3356480028753068,2.7176171415607056,-1.6816562143576363,0.0,128.40726129544575,0.0
 8.095272432933651,5.98486304000275,3.585870067857082,122.82425364026682,-1.3247737381655498,2.6129889945534446,-1.7093769138589563,0.0,129.46811491163857,0.0
 8.099452673654978,5.987896684479213,3.5812632642200133,123.36546152633392,-1.314281952330494,2.509852071802394,-1.7367774283629445,0.0,130.5086174332896,0.0
 8.103651177319623,5.990963561007019,3.5767015758021556,123.91340243489525,-1.3041713826040635,2.408136453844675,-1.7638104941199275,0.0,131.52749032554559,0.0
 8.107867574578883,5.994064031664134,3.5721849567407693,124.46797458462119,-1.2944408870861142,2.3077748417988926,-1.7904277891873568,0.0,132.5234439183739,0.0
 8.112101485450554,5.997198458528525,3.567713361173114,125.02906703457849,-1.2850894382262013,2.208702342433078,-1.8165800743089833,0.0,133.4951807706823,0.0
 8.116352519306497,6.000367203678157,3.5632867432364494,125.59655956763989,-1.2761161158275822,2.1108564887278733,-1.8422173495558702,0.0,134.44139933706222,0.0
 8.120620274887377,6.003570629190997,3.558905057068036,126.17032259996196,-1.2675201009671813,2.014176936212516,-1.867289022563689,0.0,135.3607977429833,0.0
 8.124904340345447,6.0068090971450125,3.554568256805133,126.75021711794939,-1.259300669439911,1.9186054946449085,-1.8917440917388997,0.0,136.25207783115093,0.0
 8.129204293317157,6.010082969618166,3.5502762965850003,127.33609464492112,-1.251457185513602,1.824085979058879,-1.9155313416166366,0.0,137.11394939856748,0.0
 8.133519701025515,6.013392608688426,3.5460291305448983,127.92779723907914,-1.243989096270336,1.7305640041383914,-1.9385995485904326,0.0,137.94513448502371,0.0
 8.137850120413558,6.01673837643376,3.541826712822086,128.52515752393938,-1.2368959252918228,1.637987073052844,-1.9608976997468008,0.0,138.74437194770545,0.0
 8.142195098309852,6.020120634932131,3.537668997553824,129.1279987532873,-1.2301772671671123,1.5463043276795583,-1.982375219122209,0.0,139.51042206335376,0.0
 8.14655417162581,6.023539746261507,3.5335559388773716,129.73613491140185,-1.2238327818820098,1.4554665235554862,-2.002982202800652,0.0,140.2420712428032,0.0
 8.150926867585737,6.026996072499855,3.529487490929989,130.3493708497369,-1.2178621893217147,1.3654259557519948,-2.0226696605986816,0.0,140.9381368180432,0.0
 8.155312703989638,6.030489975725139,3.5254636078489363,130.96750246089152,-1.2122652640341123,1.2761363562543826,-2.0413897621028516,0.0,141.59747186300524,0.0
 8.159711189508862,6.034021818015326,3.5214842437714724,131.59031689043962,-1.207041830039195,1.1875528456529536,-2.059096085853899,0.0,142.2189700255464,0.0
 8.164121824014149,6.037591961448382,3.517549352834858,132.21759278694074,-1.2021917560334385,1.099631810330733,-2.075743868471369,0.0,142.80157028675498,0.0
 8.168544098935877,6.041200768102274,3.513658889176353,132.8491005900031,-1.1977149504536477,1.0123309063839059,-2.0912902533728777,0.0,143.3442617116513,0.0
 8.172977497656165,6.0448486000549675,3.5098128069332164,133.48460285643617,-1.1936113568876554,0.9256089571221158,-2.105694535218818,0.0,143.84608806110714,0.0
 8.177421495931567,6.048535819384429,3.5060110602427086,134.12385462370312,-1.1898809497734213,0.8394258690157147,-2.11891839794595,0.0,144.3061522626412,0.0
 8.181875562345583,6.052262788168624,3.5022536032420892,134.7666038098321,-1.1865237300500866,0.753742627808576,-2.1309261452519643,0.0,144.7236207259246,0.0
 8.18633915878997,6.05602986848552,3.4985403900686185,135.41259164872304,-1.1835397211518925,0.6685212105021268,-2.141684919849331,0.0,145.09772742485293,0.0
 8.190811740973121,6.05983742241308,3.494871374859556,136.06155315921913,-1.1809289652295087,0.5837245276831523,-2.1511649095964684,0.0,145.42777775034097,0.0
 8.195292758954029,6.0636858120292745,3.491246511752162,136.71321764624196,-1.1786915194988172,0.4993163919949021,-2.1593395386655727,0.0,145.71315204871996,0.0
 8.199781657700187,6.067575399412067,3.4876657548836953,137.36730923177228,-1.176827452800178,0.4152614714765636,-2.166185641361004,0.0,145.95330888954027,0.0
 8.204277877667323,6.071506546639423,3.4841290583914164,138.02354741347096,-1.1753368424583948,0.3315252262297398,-2.1716836163052253,0.0,146.14778795580025,0.0
 8.208780855398565,6.075479615789311,3.480636376412586,138.68164764810612,-1.1742197714216345,0.2480738532216437,-2.175817559296077,0.0,146.29621254069227,0.0
 8.21329002414132,6.079494968939695,3.4771876630844623,139.34132195687818,-1.1734763252776077,0.16487432306035193,-2.1785753747700016,0.0,146.39829172930644,0.0
 8.217804814479024,6.083552968168543,3.4737828725443065,140.00227954983376,-1.1731065900736075,0.08189421353912882,-2.1799488611249473,0.0,146.45382203612513,0.0
 8.222324654975212,6.087653975553819,3.470421958929377,140.66422746549432,-1.173110649792401,-0.0008981995707600133,-2.179933773095444,0.0,146.46268874426963,0.0
 8.226848972827456,6.09179835317349,3.4671048763769354,141.32687122286777,-1.1734885845743424,-0.08353409160980282,-2.178529856368166,0.0,146.4248666623817,0.0
 8.23137719452822,6.0959864631055245,3.4638315790242404,141.9899154816197,-1.1742404687573444,-0.16604403067883675,-2.175740857409569,0.0,146.3404205250479,0.0
 8.235908746530226,6.100218667427885,3.460602021008552,142.65306470722453,-1.175366369410354,-0.24845806745921362,-2.1715745058286227,0.0,146.2095048926814,0.0
 8.240443055913035,6.10449532821854,3.4574161564671306,143.31602383711507,-1.1768663451127925,-0.3308057690385661,-2.166042470341782,0.0,146.0323635506655,0.0
 8.244979551048406,6.108816807555455,3.454273939537235,143.97849894396953,-1.1787404447440277,-0.41311619991005305,-2.1591602896639843,0.0,145.8093285367482,0.0
 8.24951766226153,6.113183467516596,3.4511753243561256,144.64019789278018,-1.1809887068269234,-0.49541802245698435,-2.1509472770708604,0.0,145.54081862937917,0.0
 8.25405682248524,6.117595670179929,3.448120265061063,145.30083098762873,-1.1836111588301008,-0.5777394658773402,-2.1414264018726024,0.0,145.2273374624884,0.0
 8.258596467904809,6.122053777623421,3.445108715789306,145.96011160493654,-1.1866078168332794,-0.6601083842938086,-2.1306241476188683,0.0,144.8694711978274,0.0
 8.263136038590497,6.126558151925037,3.4421406306781144,146.61775680963746,-1.1899786853875234,-0.7425522780977477,-2.1185703492138845,0.0,144.4678858027163,0.0
 8.267674979115386,6.1311091551627435,3.439215963864749,147.27348795105235,-1.193723757604856,-0.8250983234517691,-2.105298010593218,0.0,144.0233239627273,0.0
 8.272212739156135,6.1357071494145075,3.4363346694864685,147.9270312354662,-1.1978430154300572,-0.9077733922046786,-2.090843105095949,0.0,143.53660164300817,0.0
 8.276748774074544,6.140352496758294,3.4334967016805336,148.5781182725888,-1.2023364300808634,-0.990604069772245,-2.0752443606933193,0.0,143.00860435220847,0.0
 8.281282545477712,6.14504555927207,3.4307020145842038,149.22648659340788,-1.2072039627853854,-1.073616702668425,-2.0585430318633313,0.0,142.44028310708117,0.0
 8.285813521754942,6.1497866990338,3.427950562334739,149.8718801370878,-1.2124455655525632,-1.1568373892223625,-2.0407826613521345,0.0,141.83265018213118,0.0
 8.290341178589665,6.154576278121453,3.425242299069399,150.51404970507195,-1.2180611822800052,-1.2402920390021972,-2.02200883313357,0.0,141.1867746148607,0.0
 8.29486499944485,6.159414658612993,3.4225771789254438,151.15275338055076,-1.2240507498600632,-1.3240063591808438,-2.0022689201051205,0.0,140.50377757556845,0.0
 8.299384476020684,6.164302202586387,3.419955156040133,151.78775691212,-1.2304141995145352,-1.4080058935353863,-1.9816118280755795,0.0,139.78482759491337,0.0
 8.303899108683286,6.1692392721196,3.4173761845507267,152.41883406051613,-1.237151458286585,-1.492316047739556,-1.9600877385896793,0.0,139.0311356833124,0.0
 8.30840840686339,6.1742262292906,3.4148402185944846,153.04576690763034,-1.2442624506722477,-1.5769621128719624,-1.9377478528573078,0.0,138.2439503980347,0.0
 8.312911889424662,6.179263436177351,3.4123472123086667,153.66834612744944,-1.251747100177199,-1.6619692433837252,-1.914644139539212,0.0,137.4245529145287,0.0
 8.31740908500087,6.1843512548578214,3.409897119830532,154.286371218879,-1.2596053313155795,-1.7473625518876825,-1.8908290867151332,0.0,136.57425206332766,0.0
 8.321899532301508,6.189490047409975,3.407489895297342,154.8996507003935,-1.2678370713675795,-1.833167054611617,-1.8663554619737845,0.0,135.69437945386275,0.0
 8.326382780386087,6.194680175911781,3.405125492846355,155.5080022671681,-1.2764422524131744,-1.9194077336908366,-1.841276080619023,0.0,134.7862846478465,0.0
 8.330858388906776,6.199922002441203,3.4028038666148315,156.11125291121016,-1.2854208133983205,-2.0061095477049666,-1.8156435841944243,0.0,133.85133045783175,0.0
 8.335325928319893,6.205215889076206,3.4005249707400313,156.7092390055287,-1.2947727021888462,-2.0932974341686514,-1.789510230676736,0.0,132.89088836269312,0.0
 8.33978498006643,6.2105621978947605,3.398288759359214,157.301806353381,-1.3044978778247225,-2.1809963617113963,-1.7629276967770275,0.0,131.90633407518183,0.0
 8.3442351367223,6.215961290974829,3.3960951866096405,157.88881020391725,-1.3145963125906874,-2.2692312983278398,-1.735946894275002,0.0,130.89904329928342,0.0
 8.348676002119076,6.221413530394379,3.3939442066285688,158.47011523577603,-1.3250679943037358,-2.358027271137775,-1.7086177999088008,0.0,129.87038768588994,0.0
 8.353107191435607,6.226919278231377,3.3918357735532605,159.04559551022345,-1.3359129286380762,-2.4474093882387082,-1.6809892998145342,0.0,128.82173094745104,0.0
 8.357528331261983,6.232478896563787,3.3897698415209745,159.6151343954181,-1.3471311411581461,-2.537402787656684,-1.6531090496124659,0.0,127.75442528385538,0.0
 8.361939059636539,6.238092747469579,3.3877463646689705,160.1786244639926,-1.3587226798365988,-2.628032763323623,-1.6250233482589203,0.0,126.66980794425422,0.0
 8.366339026056895,6.243761193026716,3.385765297134509,160.73596736542024,-1.3706876171349085,-2.7193246846058505,-1.596777027974151,0.0,125.56919809465879,0.0
 8.37072789146666,6.249484595313165,3.3838265930548492,161.28707367546966,-1.3830260522715323,-2.8113040580316015,-1.5684133584468773,0.0,124.45389391047357,0.0
 8.37510532821848,6.255263316406892,3.381930206567252,161.83186272458065,-1.3957381135751832,-2.9039965679371695,-1.53997396530431,0.0,123.325169886268,0.0
 8.379471020015211,6.261097718385864,3.3800760918089754,162.37026240708363,-1.4088239604380972,-2.997428007334691,-1.511498763493734,0.0,122.16713789437483,0.0
 8.383825272521769,6.266988163328047,3.3782642029172814,162.90220897347908,-1.4218867179577672,-2.999999999999949,-1.4830259028745199,0.0,120.96480676073094,0.0
 8.388168997345455,6.272935013311404,3.376494494029428,163.42764680739802,-1.4349178924288248,-2.999999999999949,-1.4545917283047776,0.0,119.72106255972218,0.0
 8.39250308335413,6.278938630413906,3.3747669192826764,163.94652818958195,-1.4479201504548542,-3.0000000000001537,-1.4262307502671703,0.0,118.4392142034546,0.0
 8.396828381053242,6.284999376713516,3.3730814328142857,164.45881305026072,-1.460896043552188,-3.0,-1.39797562860614,0.0,117.12249022599912,0.0
 8.401145704404067,6.291117614288202,3.371437988761516,164.9644687122203,-1.473848013604666,-3.0,-1.369857165675499,0.0,115.77403242952026,0.0
 8.40545583253221,6.297293705215929,3.369836541261627,165.46346962590323,-1.4867783979890932,-3.0000000000001545,-1.3419043102149568,0.0,114.39689044340389,0.0
 8.409759511335206,6.303528011574663,3.3682770444518786,165.95579709843324,-1.4996894343980829,-2.9999999999999485,-1.3141441699291252,0.0,112.99401707673097,0.0
 8.414057454997248,6.309820895442371,3.3667594524695303,166.44143901797673,-1.5125832653842066,-3.0000000000000515,-1.2866020324566974,0.0,111.56826449339044,0.0
 8.418350347418192,6.316172718897018,3.3652837194518432,166.92038957503834,-1.5254619426470404,-2.9999999999999485,-1.259301393572108,0.0,110.12238110705934,0.0
 8.422638843563382,6.322583844016572,3.3638497995360757,167.39264898191513,-1.5383274310826114,-3.0000000000001554,-1.2322639923699084,0.0,108.65900923502498,0.0
 8.426923570740119,6.3290546328789965,3.3624576468594887,167.85822319178163,-1.5511816126128173,-2.9999999999998965,-1.2055098518747167,0.0,107.1806833657423,0.0
 8.43120512980612,6.33558544756226,3.3611072155593407,168.3171236183465,-1.5640262898108233,-2.999999999999896,-1.179057324941027,0.0,105.68982910891927,0.0
 8.435484096314791,6.342176650144328,3.3597984597728927,168.7693668574107,-1.5768631893368354,-3.000000000000052,-1.1529231443821577,0.0,104.1887626660351,0.0
 8.439761021601665,6.348828602703166,3.358531333637404,169.21497441106513,-1.589693965197456,-2.999999999999844,-1.1271224768001862,0.0,102.6796908871356,0.0
 8.444036433816025,6.355541667316741,3.3573057912901354,169.65397241565088,-1.602520201840541,-3.000000000000052,-1.1016689791675727,0.0,101.16471175768905,0.0
 8.448310838901332,6.362316206063018,3.3561217868683455,170.08639137404154,-1.615343417096461,-2.999999999999948,-1.076574858285135,0.0,99.64581538321642,0.0
 8.452584721527762,6.369152581019964,3.354979274509295,170.5122658932043,-1.6281650649757495,-2.999999999999896,-1.051850931176142,0.0,98.1248853015608,0.0
 8.456858545979912,6.376051154265546,3.3538782083502428,170.93163442737045,-1.6409865383321978,-2.999999999999844,-1.0275066877305024,0.0,96.60370021612714,0.0
 8.461132757002435,6.383012287877728,3.35281854252845,171.34453902765077,-1.6538091713997671,-3.0,-1.0035503531345866,0.0,95.0839359712905,0.0
 8.465407780606167,6.390036343934478,3.3518002311811754,171.75102509826377,-1.6666342422109635,-3.0,-0.9799889515080934,0.0,93.56716785576806,0.0
 8.469684024837079,6.397123684513761,3.350823228445679,172.1511411600098,-1.6794629749036987,-2.999999999999896,-0.9568283688589572,0.0,92.05487310275026,0.0
 8.473961880510224,6.4042746716935435,3.3498874884592214,172.544938621153,-1.6922965419231328,-2.999999999999896,-0.9340734158783901,0.0,90.5484335854599,0.0
 8.478241721910667,6.411489667551792,3.348992965359062,172.93247155595742,-1.7051360661244652,-3.0000000000001554,-0.9117278899838801,0.0,89.04913870609813,0.0
 8.482523907463243,6.4187690341664725,3.34813961328246,173.31379649119398,-1.7179826227821924,-2.999999999999896,-0.8897946363677589,0.0,87.5581883885391,0.0
 8.486808780372831,6.426113133615551,3.3473273863666764,173.68897220063258,-1.730837241510954,-2.9999999999998446,-0.868275607670647,0.0,86.07669617731953,0.0
 8.491096669236747,6.433522327976994,3.34655623874897,174.05805950761405,-1.7437009081027033,-3.0,-0.847171922445321,0.0,84.60569243584746,0.0
 8.495387888630708,6.440996979328766,3.3458261245666012,174.4211210958342,-1.756574566284585,-3.0,-0.8264839217461559,0.0,83.14612757382088,0.0
 8.499682739669735,6.448537449748836,3.34513699795683,174.77822132823567,-1.7694591194016644,-2.9999999999998965,-0.8062112240398699,0.0,81.69887531315159,0.0
 8.50398151054526,6.456144101315168,3.3444888130569157,175.12942607399503,-1.782355432028241,-3.0,-0.7863527784642947,0.0,80.26473598654954,0.0
 8.508284477039648,6.463817296105729,3.3438815240041184,175.47480254362614,-1.7952643315114074,-2.999999999999845,-0.7669069155949452,0.0,78.84443978640881,0.0
 8.51259190301921,6.4715573961984845,3.343315084935698,175.814419131906,-1.8081866094500882,-2.9999999999999485,-0.7478713967891926,0.0,77.43865004062056,0.0
 8.516904040906761,6.479364763671401,3.3427894499889144,176.148345268707,-1.821123023112742,-3.0,-0.7292434610288842,0.0,76.04796642129148,0.0
 8.521221132134716,6.487239760602446,3.342304573301028,176.4766512774482,-1.8340742967966097,-3.000000000000103,-0.7110198695650034,0.0,74.67292810941056,0.0
 8.525543407579601,6.495182749069583,3.3418604090092967,176.79940824101317,-1.8470411231312638,-2.9999999999998974,-0.6931969492014589,0.0,73.31401693250923,0.0
 8.529871087978862,6.50319409115078,3.3414569112509827,177.11668787508304,-1.8600241643290454,-3.0000000000000515,-0.6757706321406234,0.0,71.97166036824156,0.0
 8.534204384330781,6.511274148924002,3.341094034163344,177.42856240839825,-1.8730240533848006,-2.999999999999949,-0.6587364951233425,0.0,70.64623456227827,0.0
 8.538543498278253,6.5194232844672175,3.340771731883642,177.73510447012384,-1.8860413952272181,-2.999999999999898,-0.6420897955580098,0.0,69.33806718106891,0.0
 8.54288862247715,6.52764185985839,3.340489958549136,178.03638698373715,-1.899076767823913,-3.000000000000153,-0.6258255059466646,0.0,68.0474402326617,0.0
 8.547239940949956,6.535930237175486,3.3402486682970847,178.33248306744855,-1.912130723242325,-3.000000000000051,-0.6099383461729858,0.0,66.77459278495624,0.0
 8.551597629425292,6.5442887784964725,3.340047815264749,178.6234659408728,-1.9252037886683313,-2.9999999999998983,-0.5944228141628879,0.0,65.5197235673897,0.0
 8.555961855663988,6.552717845899316,3.339887353589389,178.90940883761772,-1.9382964673844207,-3.0,-0.5792732140893533,0.0,64.28299350543038,0.0
 8.560332779772233,6.561217801461982,3.339767237408264,179.19038492368082,-1.9514092397091576,-2.9999999999999494,-0.5644836835024835,0.0,63.064528153999305,0.0
 8.564710554502376,6.569789007262436,3.339687420858634,179.46646722140179,-1.9645425638995884,-3.0000000000001013,-0.5500482178087139,0.0,61.86442001122843,0.0
 8.569095325541895,6.578431825378646,3.339647858077759,179.73772853864364,-1.9776968770181453,-3.0000000000001013,-0.5359606938378357,0.0,60.68273075590702,0.0
 8.573487231791024,6.587146617888576,3.339648503202898,-179.9957585969353,-1.9908725957655287,-3.0,-0.5222148915523976,0.0,59.51949338748784,0.0
 8.577886405629513,6.595933746870193,3.339689310371312,-179.73392199874485,-2.0040701172809996,-2.9999999999998486,-0.5088045136614409,0.0,58.374714242772356,0.0
 8.582292973172985,6.604793574401464,3.3397702337202606,-179.47668987760326,-2.0172898199114115,-2.999999999999899,-0.49572320468519177,0.0,57.24837495755386,0.0
 8.58670705451927,6.613726462560353,3.3398912273870036,-179.22399089359803,-2.0305320639502664,-3.0,-0.4829645678452735,0.0,56.14043429513253,0.0
 8.591128763985193,6.62273277342483,3.3400522455088,-178.97575420385414,-2.0437971923480376,-3.0000000000001004,-0.47052218096971304,0.0,55.05082991600326,0.0
 8.595558210334142,6.631812869072857,3.3402532422229103,-178.73190950627614,-2.0570855313948826,-2.9999999999998996,-0.45838961097316383,0.0,53.97948002632122,0.0
 8.59999549699482,6.640967111582402,3.3404941716665952,-178.49238707960495,-2.0703973913769183,-3.0,-0.44656042722712774,0.0,52.926284962036966,0.0
 8.604440722271539,6.650195863031431,3.340774987977113,-178.25711781988892,-2.0837330672070746,-3.0000000000001,-0.43502821385710483,0.0,51.89112868993037,0.0
 8.608893979546366,6.6594994854979115,3.341095645291724,-178.02603327355143,-2.0970928390315597,-3.0,-0.42378658079906945,0.0,50.87388020038221,0.0
 8.613355357473484,6.6688783410598065,3.3414560977476886,-177.79906566735858,-2.110476972812914,-3.0,-0.4128291736460512,0.0,49.87439484870689,0.0
 8.617824940166043,6.678332791795085,3.341856299482267,-177.57614793534097,-2.1238857208905912,-3.0000000000000995,-0.40214968327933487,0.0,48.892515603005265,0.0
 8.62230280737582,6.687863199781712,3.3422962046327176,-177.35721374291876,-2.137319322519922,-3.0,-0.39174185383039906,0.0,47.92807423717986,0.0
 8.626789034665963,6.697469927097654,3.342775767336301,-177.1421975083119,-2.1507780043903506,-3.000000000000099,-0.38159949012218614,0.0,46.98089242059844,0.0
 8.631283693577096,6.707153335820877,3.343294941730277,-176.93103442154077,-2.164261981123746,-3.0000000000000986,-0.3717164644185708,0.0,46.050782780109266,0.0
 8.635786851787032,6.716913788029347,3.343853681951906,-176.72366046099052,-2.177771455753557,-3.0000000000000986,-0.3620867223046952,0.0,45.13754986146097,0.0
 8.640298573264374,6.726751645801029,3.344451942138447,-176.52001240784594,-2.191306620185584,-3.0000000000000986,-0.35270428788233044,0.0,44.24099105551281,0.0
 8.644818918416203,6.736667271213891,3.3450896764271603,-176.32002785841604,-2.204867655641072,-3.0,-0.34356326850623675,0.0,43.36089745265306,0.0
 8.649347944230113,6.746661026345898,3.3457668389553055,-176.12364523453866,-2.218454733082803,-3.0,-0.3346578587579145,0.0,42.49705463802364,0.0
 8.653885704410806,6.756733273275017,3.346483383860143,-175.93080379220555,-2.232068013624879,-2.9999999999999023,-0.32598234359245226,0.0,41.64924344197311,0.0
 8.658432249511446,6.766884374079215,3.3472392652789313,-175.74144362848907,-2.245707648926797,-3.0000000000000977,-0.3175311021464304,0.0,40.81724064282124,0.0
 8.662987627059994,6.777114690836456,3.3480344373489324,-175.5555056868711,-2.2593737815724415,-2.9999999999999023,-0.3092986092048984,0.0,40.00081959507212,0.0
 8.667551881680705,6.787424585624707,3.348868854207404,-175.37293176120204,-2.273066545434576,-3.0000000000000973,-0.30127943813939567,0.0,39.19975086111703,0.0
 8.672125055210977,6.797814420521934,3.349742469991607,-175.19366449817073,-2.2867860660253907,-2.9999999999999027,-0.2934682621052905,0.0,38.413802740535246,0.0
 8.676707186813726,6.808284557606104,3.3506552388388013,-175.01764739865158,-2.3005324608336366,-2.999999999999903,-0.2858598556389603,0.0,37.64274180780032,0.0
 8.681298313085474,6.818835358955182,3.3516071148862463,-174.8448248177971,-2.314305839648885,-3.0,-0.2784490953550183,0.0,36.88633338762597,0.0
 8.685898468160307,6.829467186647134,3.3525980522712024,-174.67514196407208,-2.3281063048733786,-3.0,-0.27123096099152244,0.0,36.14434199068462,0.0
 8.690507683809837,6.84018040275993,3.353628005130929,-174.5085448973266,-2.341933951821975,-2.9999999999999036,-0.26420053545171657,0.0,35.416531735075544,0.0
 8.695125989539385,6.85097536937153,3.354696927602686,-174.34498052589382,-2.3557888690106132,-3.0000000000000964,-0.25735300521672005,0.0,34.70266671174046,0.0
 8.69975341268044,6.861852448559904,3.355804773823733,-174.18439660289556,-2.3696711384337843,-3.0,-0.2506836603132438,0.0,34.00251133676381,0.0
 8.704389978479638,6.872812002403016,3.3569514979313304,-174.02674172174468,-2.383580835831375,-3.0,-0.2441878936730397,0.0,33.31583066761605,0.0
 8.709035710184292,6.883854392978835,3.358137054062738,-173.87196531094528,-2.397518030945336,-2.9999999999999045,-0.23786120093628652,0.0,32.64239069304914,0.0
 8.71369062912469,6.894979982365325,3.3593613963552156,-173.72001762824834,-2.4114827877665315,-3.0000000000000955,-0.2316991798746272,0.0,31.98195859981386,0.0
 8.718354754793236,6.906189132640453,3.3606244789460225,-173.57084975421262,-2.425475164772165,-3.0,-0.2256975292666823,0.0,31.334303015855735,0.0
 8.723028104920559,6.917482205882185,3.3619262559724192,-173.42441358522387,-2.4394952151541354,-3.0,-0.21985204828613886,0.0,30.559895881693972,0.0
 8.727732039767947,6.928859564168486,3.363266681571665,-173.28066182605338,-2.4313407067349373,1.7335504601481553,-0.21415863531355642,0.0,29.63167881812468,0.0
 8.732494302647963,6.940321569577324,3.36464570988102,-173.13954798194527,-2.41705391809489,2.9999999999999067,-0.2086132866374897,0.0,28.693451590339386,0.0
 8.73732194184565,6.9518685841866645,3.3660632950377445,-173.00102635033082,-2.4025710005018275,3.000000000000092,-0.20321209534962875,0.0,27.781722152638054,0.0
 8.742216323028437,6.963500970074473,3.3675193911790977,-172.86505201220155,-2.3878878569534705,3.0000000000000906,-0.19795125010016065,0.0,26.89574939963384,0.0
 8.74717886142355,6.975219089318715,3.3690139524423395,-172.7315808231405,-2.3730002417681275,3.0000000000000897,-0.19282703337085205,0.0,26.034811365684597,0.0
 8.752211024599118,6.9870233039973595,3.37054693296473,-172.60056940410325,-2.357903752241423,3.0000000000000884,-0.18783582016919634,0.0,25.198204858276807,0.0
 8.757314335445209,6.99891397618837,3.372118286883529,-172.471975131948,-2.3425938197031506,3.0,-0.18297407654927464,0.0,24.385245081149815,0.0
 8.762490375372955,7.0108914679697145,3.373727968335996,-172.3457561297601,-2.3270656999199133,3.0000000000000857,-0.17823835791594914,0.0,23.595265254733064,0.0
 8.767740787751801,7.022956141419357,3.3753759314593914,-172.22187125698446,-2.3113144627833715,3.0,-0.17362530741686796,0.0,22.827616224474465,0.0
 8.77306728160719,7.035108358615265,3.3770621303909745,-172.10028009943161,-2.2953349812172044,2.9999999999999165,-0.1691316542956653,0.0,22.081666078484822,0.0
 8.778471635603454,7.047348481635405,3.3787865192680058,-171.9809429591162,-2.279121919228416,2.999999999999918,-0.16475421242870433,0.0,21.35679974569422,0.0
 8.783955702339572,7.059676872557743,3.3805490522277446,-171.86382084404093,-2.262669719020061,2.999999999999919,-0.1604898781669659,0.0,20.65241861016265,0.0
 8.789521412988654,7.072093893460243,3.3823496834074507,-171.74887545785305,-2.245972587072817,3.00000000000008,-0.15633562915522234,0.0,19.967940109649724,0.0
 8.795170782315651,7.084599906420874,3.384188366944384,-171.63606918947426,-2.229024479091824,2.9999999999999214,-0.1522885222382591,0.0,19.302797343903958,0.0
 8.800905914112018,7.097195273517602,3.3860650569758053,-171.5253651026684,-2.211819083702721,3.0,-0.14834569195324673,0.0,18.656438676580386,0.0
 8.80672900709078,7.109880356828391,3.387979707638973,-171.41672692560215,-2.19434980476644,3.0000000000000764,-0.14450434872596835,0.0,18.028327346963962,0.0
 8.812642361290937,7.122655518431209,3.389932273071148,-171.31011904036316,-2.1766097421659665,3.000000000000075,-0.14076177726033648,0.0,17.41794106650558,0.0
 8.818648385046442,7.135521120404021,3.391922707409589,-171.20550647254575,-2.1585916708994515,3.0000000000000737,-0.1371153347189264,0.0,16.824771641514705,0.0
 8.82474960258213,7.148477524824793,3.393950964791557,-171.10285488077253,-2.1402880182923822,3.000000000000073,-0.13356244900758726,0.0,16.248324566837905,0.0
 8.830948662307412,7.161525093771494,3.3960169993543112,-171.00213054634696,-2.121690839116542,3.0000000000000715,-0.13010061748773646,0.0,15.688118655497147,0.0
 8.83724834588808,7.174664189322085,3.398120765235112,-170.90330036284138,-2.102791788374537,3.0,-0.12672740456630566,0.0,15.143685633398038,0.0
 8.84365157818791,7.187895173554537,3.400262216571219,-170.80633182585512,-2.0835820914750482,2.9999999999999307,-0.1234404410376211,0.0,14.614569772614047,0.0
 8.850161438184612,7.201218408546815,3.4024413074998914,-170.71119302272336,-2.0640525114849395,2.9999999999999316,-0.12023742152068874,0.0,14.100327494044658,0.0
 8.856781170980078,7.2146342563768835,3.4046579921583904,-170.61785262238422,-2.0441933130985426,2.999999999999933,-0.11711610347249415,0.0,13.600526989420478,0.0
 8.863514201042596,7.228143079122708,3.4069122246839743,-170.52627986529836,-2.0239942229109893,2.999999999999934,-0.11407430543967984,0.0,13.114747843519618,0.0
 8.870364146839782,7.241745238862257,3.4092039592139036,-170.4364445534265,-2.0034443855194337,2.999999999999935,-0.11110990546388326,0.0,12.642580644844251,0.0
 8.877334837045682,7.255441097673497,3.4115331498854387,-170.34831704034818,-1.9825323149017322,3.0000000000000635,-0.10822083955025746,0.0,12.183626606114961,0.0
 8.884430328534918,7.269231017634394,3.413899750835839,-170.26186822145647,-1.9612458404340205,2.9999999999999374,-0.10540510024792492,0.0,11.737497178922675,0.0
 8.891654926411604,7.283115360822911,3.4163037162023633,-170.17706952426002,-1.9395720468039628,3.0000000000000306,-0.10176281970368355,0.0,8.354776052530443,0.0
 8.906510035864898,7.311168765194673,3.4212235567328277,-170.0529584115419,-1.8950067184440869,2.999999999999985,-0.21353993175495836,0.0,23.02377744166334,0.0
 8.921570155787101,7.3389137069137425,3.4262625570197813,-169.70621756220834,-1.8498263586774755,3.0,-0.3467301559366713,0.0,36.84208076264509,0.0
 8.936556257680486,7.365809338462452,3.431415507647784,-169.15409838593504,-1.804868052997321,3.0000000000000147,-0.37545050321169976,0.0,38.92645479740812,0.0
 8.951467071767095,7.391861111599392,3.4366809248710153,-168.57367325540008,-1.7601356107374913,3.000000000000045,-0.40728671480328016,0.0,41.18306475055658,0.0
 8.966301325605643,7.417074478083158,3.442057324943657,-167.96275321904096,-1.7156328492218487,3.0,-0.442651844134782,0.0,43.62995751817479,0.0
 8.981057756485486,7.44145488967234,3.4475432241198884,-167.31893076663357,-1.6713635565823224,2.99999999999997,-0.48202253551084817,0.0,46.287354534804805,0.0
 8.995735127345657,7.465007798125528,3.45313713865389,-166.6395540979899,-1.6273314440018032,3.0,-0.5259498683484958,0.0,49.17791895400195,0.0
 9.010332247091364,7.487738655201317,3.458837584799843,-165.92169812617374,-1.5835400847646848,3.0000000000000306,-0.5750721294351994,0.0,52.3270464521973,0.0
 9.024847996399476,7.5096529126583,3.464643078811928,-165.1621318378397,-1.5399928368403475,3.0000000000000306,-0.6301298297644605,0.0,55.763176043496024,0.0
 9.039281360381885,7.530756022255066,3.4705521369443244,-164.3572816211888,-1.4966927448931233,2.9999999999999845,-0.6919833094590631,0.0,59.518113505604305,0.0
 9.05363146982737,7.551053435750208,3.476563275451214,-163.50319017839462,-1.4536424165566693,3.000000000000031,-0.7616332866212482,0.0,63.62735424781464,0.0
 9.067897653190709,7.570550604902321,3.482675010586776,-162.5954706757711,-1.41084386646665,3.0,-0.8402446887552363,0.0,68.13038377367394,0.0
 9.082079502070286,7.5892529814699925,3.488885858605192,-161.62925586898524,-1.3682983198279155,3.000000000000047,-0.9291740366488367,0.0,73.07092106381371,0.0
 9.096176953650035,7.607166017211818,3.4951943357606416,-160.59914209740046,-1.326005965088669,3.0000000000000155,-1.0300004950912427,0.0,78.49705149963464,0.0
 9.110190394528022,7.624295163886388,3.501598958307306,-159.49912830711412,-1.2839656424547115,2.999999999999984,-1.1445604069358306,0.0,84.4611689117078,0.0
 9.124120791579614,7.640645873252295,3.508098242499365,-158.32255068873235,-1.2421744512999318,3.000000000000016,-1.274984607701787,0.0,91.01960798877585,0.0
 9.137969857098893,7.656223597068132,3.5146907045909996,-157.06201417415673,-1.2006272547420949,3.000000000000016,-1.4237369534191744,0.0,98.23179449726977,0.0
 9.15174025755311,7.67103378709249,3.52137486083639,-155.70932302659307,-1.1593160533794473,2.9999999999999516,-1.5936511171315353,0.0,106.1586670429738,0.0
 9.165435878046402,7.685081895083961,3.5281492274897177,-154.25541421069877,-1.118229191899573,2.999999999999951,-1.7879605802553784,0.0,114.8600255410397,0.0
 9.17906215826899,7.698373372801138,3.535012320805161,-152.69029931630288,-1.077350351231808,2.999999999999951,-2.010313560744657,0.0,124.39033469290136,0.0
 9.192626520668217,7.710913672002613,3.541962657036903,-151.00302373756725,-1.036657264034128,2.999999999999967,-2.2647600185750365,0.0,134.7923562751904,0.0
 9.206138918357668,7.722708244446976,3.5489987524391218,-149.1816558140787,-0.996120070965774,3.0000000000000493,-2.5556915119828645,0.0,146.08781291305766,0.0
 9.219612539711745,7.7337625418928235,3.556119123265999,-147.21332393844287,-0.9556992069035413,3.0000000000000493,-2.8877063677393946,0.0,158.2641289601609,0.0
 9.23306472000159,7.744082016098745,3.563322285771716,-145.08432634225554,-0.9153426660340064,3.000000000000025,-3.2653627215076764,0.0,171.25621783130822,0.0
 9.246518130012298,7.753672118823331,3.5706067562104513,-142.7803462268877,-0.8749824360018805,2.9999999999999916,-3.6927719718566654,0.0,184.92241251492854,0.0
 9.260002341130548,7.762538301825175,3.577971050836387,-140.28681337604053,-0.8345298026471338,3.0000000000000413,-4.172978710732411,0.0,199.01416662896594,0.0
 9.27355591271562,7.77068601686287,3.5854136859037036,-137.58946062219113,-0.7938690878919139,2.9999999999999756,-4.707077321054641,0.0,213.14036541711855,0.0
 9.287229223422539,7.778120715695008,3.59293317766658,-134.67512618165657,-0.752849155771156,3.0000000000000404,-5.29304174591873,0.0,226.78161097025884,0.0
 9.30108520034791,7.78484785008018,3.6005280423791985,-131.53284541295477,-0.7116095695176693,2.976303040602079,-5.9243089034622685,0.0,240.0791317265208,0.0
 9.31515387477732,7.790872871776979,3.6081967962957378,-128.15525027139878,-0.674799669016574,2.6164441210000837,-6.588272181963875,0.0,253.38185466205894,0.0
 9.32942090766323,7.796201232543996,3.61593795567038,-124.54024301824215,-0.642602671777294,2.256740942335379,-7.265009740494788,0.0,266.34180351438994,0.0
 9.3438663157444,7.800838384139825,3.623750036757305,-120.69282697740222,-0.6151950443094862,1.8973245555822043,-7.9267579708774205,0.0,278.5331412272807,0.0
 9.35846407994059,7.804789778323057,3.6316315558106926,-116.62686586094178,-0.5927388776564061,1.538329181871449,-8.538752544298488,0.0,289.47011015096837,0.0
 9.373182137691025,7.808060866852283,3.639581029084724,-112.36642806271546,-0.5753731848355379,1.1798902487902418,-9.061957459657357,0.0,298.6422751790618,0.0
 9.387982879482543,7.810657101486097,3.6475969728335804,-107.94630085975825,-0.5632048647182386,0.8221425850609392,-9.457763718653792,0.0,305.56608846426286,0.0
 9.402824210103839,7.812583933983091,3.6556779033114406,-103.41129351420402,-0.5563003881831022,0.4652195083659925,-9.693989137473029,0.0,309.8458382372336,0.0
 9.41766113818439,7.813846816101855,3.663822336772487,-98.81413309622017,-0.5546794022517729,0.10925347366576438,-9.750731035046854,0.0,311.2313084904099,0.0
 9.432447745337681,7.814451199600985,3.6720287894708976,-94.21207800376799,-0.5583113113252319,-0.24562153006484944,-9.624283364939128,0.0,309.6571926812013,0.0
 9.447139294546977,7.8144025362390686,3.6802957776608554,-89.66273411947944,-0.5671154627481974,-0.5992663739909888,-9.32777962882515,0.0,305.25282006948186,0.0
 9.461694200712515,7.8137062777747,3.6886218175965397,-85.21980796660225,-0.5809649374556028,-0.9515330810030996,-8.888355362321935,0.0,298.3194042052333,0.0
 9.476075619515294,7.812367875966472,3.697005425532131,-80.9295516777313,-0.5996933153706034,-1.3022621878852292,-8.34185888690016,0.0,289.28193825056843,0.0
 9.490252500964628,7.8103927825729755,3.70544511772181,-76.82843593371972,-0.6231033421368156,-1.6512818316127986,-7.726825303468927,0.0,278.6293635046228,0.0
 9.504200067461223,7.807786449352803,3.7139394104197567,-72.94223435833496,-0.6509762774375912,-1.9984084899383352,-7.079309990018329,0.0,266.8573133468973,0.0
 9.51789977618445,7.804554328064548,3.722486819880152,-69.28636689481974,-0.6830808429767932,-2.343448768715239,-6.429497670613765,0.0,254.42356713596018,0.0
 9.531338888434611,7.800701870466801,3.731085862357177,-65.86714001699283,-0.7191810063525582,-2.6862014918677835,-5.800224941597551,0.0,241.66482880663386,0.0
 9.54451281427585,7.796234528318154,3.739735054105011,-62.68346548385876,-0.7587027838762728,-3.000000000000042,-5.207021915287407,0.0,228.29311266303475,0.0
 9.557455681020771,7.791157753377199,3.748432911377835,-59.72869814787777,-0.7975313841110369,-2.9999999999999916,-4.659083792129847,0.0,214.29819334440762,0.0
 9.570224584265798,7.785476997402529,3.75717795042983,-56.992345251478724,-0.8358380938461208,-3.0,-4.1606365436167225,0.0,200.25248856453484,0.0
 9.582862786868287,7.779197712152737,3.7659686875151754,-54.461513729347985,-0.8737527016535798,-2.999999999999903,-3.7123240897491354,0.0,186.5539168814666,0.0
 9.595403198122263,7.7723253493864135,3.774803638888053,-52.12205089061397,-0.9113739354155135,-2.9999999999999822,-3.312413908517659,0.0,173.461234435629,0.0
 9.607870885340924,7.76486536086215,3.783681320802642,-49.959390475107774,-0.9487769970714959,-3.0000000000000355,-2.9577454051300562,0.0,161.12770972714114,0.0
 9.620284922990557,7.75682319833854,3.7926002495131232,-47.95914502015614,-0.9860191100203896,-2.9999999999999196,-2.6444221528413707,0.0,149.63005816116038,0.0
 9.632659774861777,7.748204313574176,3.8015589412736777,-46.10749521492959,-1.0231436656340522,-2.999999999999973,-2.368285706691877,0.0,138.99168022570518,0.0
 9.645006339433468,7.739014158327649,3.8105559123384856,-44.39142546009502,-1.0601833593491266,-2.999999999999964,-2.125219703911633,0.0,129.2004392693454,0.0
 9.657332747884933,7.72925818435755,3.8195896789617274,-42.79884807355255,-1.0971625847035178,-3.000000000000036,-1.9113305007735935,0.0,120.2217567722813,0.0
 9.669644977844474,7.718941843422475,3.8286587573975837,-41.31865015803202,-1.1340992745821457,-3.0,-1.7230426092664923,0.0,112.00795516702742,0.0
 9.681947328298797,7.7080705872810125,3.8377616639002348,-39.94068903989521,-1.171006325945114,-3.0000000000000724,-1.5571381033182718,0.0,104.5047289250992,0.0
 9.694242788917727,7.696649867691756,3.8468969147238607,-38.65575526090474,-1.207892707801902,-2.9999999999999276,-1.4107610119846856,0.0,97.6554911992562,0.0
 9.70653332846815,7.6846851364132975,3.8560630261226434,-37.45551658400428,-1.2447643264531714,-3.0,-1.2814011941846737,0.0,91.40419034211764,0.0
 9.718820120825553,7.6721818452042285,3.865258514350762,-36.33245227667412,-1.2816247035253816,-3.000000000000036,-1.1668673203289368,0.0,85.69704926734705,0.0
 9.73110372259283,7.6591454458231425,3.8744818956623974,-35.279783850843394,-1.318475508827211,-3.0000000000001084,-1.0652551181613807,0.0,80.4835625540106,0.0
 9.743384213011717,7.64558139002863,3.8837316863117297,-34.29140623202087,-1.355316980083876,-3.000000000000018,-0.9749146572438454,0.0,75.71699320352522,0.0
 9.755661304369964,7.631495129579284,3.8930064025529405,-33.36182178908947,-1.3921482541586159,-3.000000000000054,-0.8944188603910105,0.0,71.35454064441024,0.0
 9.767934429237487,7.616892116233697,3.902304560640209,-32.486078601895876,-1.4289676287611859,-3.0000000000000906,-0.8225344014010739,0.0,67.35729963897286,0.0
 9.780202809445738,7.60177780175046,3.9116246768277168,-31.659713640123854,-1.4657727693859406,-3.0000000000000724,-0.7581955042095242,0.0,63.69009233819217,0.0
 9.79246551064048,7.586157637888166,3.9209652673696436,-30.878701068715188,-1.5025608729701623,-3.0000000000000724,-0.700480767273139,0.0,60.32122902628429,0.0
 9.804721485405445,7.5700370764054075,3.93032484852017,-30.139405607977245,-1.539328797265064,-3.0000000000000364,-0.6485929131854197,0.0,57.22223442565219,0.0
 9.816969607311337,7.553421569060775,3.939701936533477,-29.438540705004325,-1.5760731629827394,-2.9999999999999276,-0.6018412448459627,0.0,54.367563437356075,0.0
 9.829208697745731,7.536316567612862,3.9490950476637443,-28.773131179396902,-1.6127904342859187,-2.9999999999999276,-0.559626536534811,0.0,51.734321289209916,0.0
 9.841437546990964,7.518727523820259,3.9585026981651525,-28.140479963546767,-1.6494769820216133,-2.999999999999927,-0.5214280747850657,0.0,49.30199703398448,0.0
 9.853654930713077,7.500659889441561,3.9679234042918834,-27.538138547516084,-1.6861291331879533,-3.0,-0.4867925730355801,0.0,47.052215311936905,0.0
 9.86585962278643,7.482119116235357,3.9773556822981155,-26.96388074826475,-1.7227432094080155,-3.0000000000000546,-0.4553247041233437,0.0,44.96850862597453,0.0
 9.878050405190692,7.463110655960241,3.9867980484380308,-26.41567944456137,-1.759315556620799,-3.000000000000073,-0.4266790215199297,0.0,43.03611071883693,0.0
 9.890226075568535,7.443639960374805,3.996249018965809,-25.891685946104378,-1.7958425677543326,-2.999999999999927,-0.4005530665914238,0.0,41.24177054227762,0.0
 9.902385452914785,7.42371248123764,4.0057071101356305,-25.390211695653406,-1.83232069979308,-3.0000000000000546,-0.37668148622283226,0.0,39.57358573592906,0.0
 9.914527381774263,7.40333367030734,4.015170838201676,-24.909712032933307,-1.868746486371514,-3.0,-0.35483100938064405,0.0,38.020854177259494,0.0
 9.926650735251233,7.382508979342494,4.024638719418127,-24.448771778246016,-1.9051165468024278,-3.0000000000000364,-0.33479615296117815,0.0,36.57394202707801,0.0
 9.938754417073822,7.361243860101697,4.0341092700391625,-24.00609242095247,-1.9414275922701942,-3.00000000000011,-0.31639554675527953,0.0,35.22416668723259,0.0
 9.950837362909272,7.339543764343541,4.043581006318964,-23.580480722771764,-1.9776764297765448,-2.999999999999963,-0.2994687838809743,0.0,33.963693112998776,0.0
 9.962898541087702,7.317414143826617,4.053052444511711,-23.170838568538386,-2.013859964311834,-3.0000000000000737,-0.2838737176098551,0.0,32.78544203810082,0.0
 9.97493695286138,7.294860450309517,4.062522100871585,-22.776153917101684,-2.0499751996328675,-3.0,-0.26948413738767485,0.0,31.68300877097198,0.0
 9.986951632301846,7.271888135550833,4.071988491652766,-22.395492723009,-2.0860192379542624,-2.999999999999889,-0.2561877675908735,0.0,30.65059134447026,0.0
 9.998941645917286,7.248502651309158,4.081450133109434,-22.02799171546748,-2.1219892788005863,-3.000000000000037,-0.24388454117256905,0.0,29.68292693082056,0.0
 10.010906092056523,7.224709449343083,4.09090554149577,-21.672851934948756,-2.157882617218298,-2.9999999999999627,-0.23248510769815048,0.0,28.77523553935241,0.0
 10.022844100152934,7.200513981411202,4.100353233065955,-21.329332940103825,-2.1936966415075307,-2.9999999999998885,-0.2219095416592062,0.0,27.923170136583636,0.0
 10.034754829851158,7.175921699272106,4.109791724074168,-20.996747608289485,-2.229428830602199,-2.9999999999999254,-0.21208622209740757,0.0,27.122772414984077,0.0
 10.046637470050861,7.150938054684386,4.119219530774592,-20.674457462463824,-2.2650767512013057,-3.0000000000000373,-0.2029508590909578,0.0,26.370433546287007,0.0
 10.058491237894977,7.125568499406636,4.128635169421404,-20.361868465257455,-2.3006380547336533,-3.0000000000000373,-0.19444564609496956,0.0,25.66285930992619,0.0
 10.070315377724203,7.099818485197447,4.138037156268788,-20.05842722835908,-2.3361104742213366,-2.999999999999925,-0.1865185208737246,0.0,24.99703909047368,0.0
 10.082109160014998,7.073693463815411,4.1474240075709226,-19.76361759141159,-2.3714918210937164,-3.0000000000000755,-0.17912251953101477,0.0,24.370218274216192,0.0
 10.09387188031463,7.04719888701912,4.156794239581988,-19.476957530211,-2.4067799819926123,-2.9999999999998868,-0.17221521121727706,0.0,23.77987364829689,0.0
 10.105602858183886,7.020340206567168,4.166146368556166,-19.197996358709105,-2.4419729156003815,-2.9999999999999245,-0.16575820235809058,0.0,23.223691455932613,0.0
 10.117301436155552,6.9931228742181455,4.1754789107476356,-18.926312193421964,-2.4770686495153806,-3.000000000000076,-0.15971670119467238,0.0,22.69954778095946,0.0
 10.128966978714885,6.965552341730644,4.184790382410578,-18.66150965270554,-2.5120652771933827,-2.999999999999962,-0.15405913460732876,0.0,22.20549101880244,0.0
 10.140598871306688,6.937634060863258,4.194079299799175,-18.40321776622661,-2.546960954968788,-3.0,-0.1487568103371083,0.0,21.739726168249017,0.0
 10.152196519372314,6.909373483374576,4.203344179167605,-18.15108807308418,-2.5817538991656663,-3.0,-0.14378361876479523,0.0,21.300600753515887,0.0
 10.163759347418948,6.880776061023194,4.212583536770048,-17.90479288928128,-2.6164423833055666,-2.999999999999962,-0.13911576924228983,0.0,20.886592190329942,0.0
 10.175286798122624,6.851847245567701,4.2217958888606875,-17.664023727439446,-2.6510247354165974,-2.9999999999999614,-0.13473155637940537,0.0,20.496296428596132,0.0
 10.18677833146586,6.82259248876669,4.2309797516937016,-17.428489853617407,-2.6854993354463015,-2.9999999999999614,-0.13061115288244796,0.0,20.128417736471345,0.0
 10.1982334239102,6.793017242378754,4.240133641523272,-17.197916967687835,-2.719864612779321,-2.9999999999999614,-0.12673642529910392,0.0,19.78175950026708,0.0
 10.209651567603627,6.763126958162485,4.249256074603578,-16.972045995204958,-2.7541190438596046,-3.000000000000039,-0.12309077018391024,0.0,19.455215926312746,0.0
 10.221032269622423,6.732927087876476,4.258345567188801,-16.750631980036275,-2.788261149915989,-2.999999999999922,-0.1196589679855038,0.0,19.147764553194204,0.0
 10.232375051246837,6.7024230832793155,4.2674006355331215,-16.53344306811368,-2.8222894947892336,-3.0,-0.11642705270616796,0.0,18.858459483802335,0.0
 10.243679447269773,6.671620396129599,4.276419795890719,-16.3202595737263,-2.856202682858041,-3.0000000000001177,-0.11338219532023742,0.0,18.586425264822267,0.0
 10.2549450053375,6.640524478185918,4.285401564515776,-16.110873120633944,-2.8899993570612286,-3.000000000000118,-0.11051259948851139,0.0,18.330851344879132,0.0
 10.266171285321379,6.609140781206863,4.29434445766247,-15.90508585109349,-2.9236781970128622,-3.000000000000079,-0.1078074081142563,0.0,18.090987051380157,0.0
 10.277357858719435,6.577474756951028,4.303246991584984,-15.702709696599936,-2.957237917207031,-2.9999999999999205,-0.10525661937965425,0.0,17.866137035978024,0.0
 10.288504308086688,6.545531857177004,4.312107682537498,-15.503565704740005,-2.9906772653087907,-3.0000000000001195,-0.10285101138337832,0.0,17.655657139354837,0.0
 10.299610226493007,6.513317533643384,4.320925046774191,-15.307483417140393,-3.0239950205277464,-2.99999999999996,-0.10058207429467399,0.0,17.458950631475847,0.0
 10.310675217007347,6.480837238108759,4.329697600549245,-15.114300294012796,-3.0571899920707635,-2.99999999999996,-0.09844194932858365,0.0,17.27546479960318,0.0
 10.321698892207177,6.448096422331722,4.338423860116841,-14.923861181135859,-3.090261017670257,-3.0000000000000804,-0.09642337346968721,0.0,17.10468783706378,0.0
 10.33268087371198,6.415100538070865,4.347102341731158,-14.736017815663782,-3.123206962184667,-2.9999999999998788,-0.09451962989703584,0.0,16.946146016731642,0.0
 10.343620791739655,6.3818550370847795,4.355731561646377,-14.550628367355747,-3.1560267162676885,-2.9999999999999596,-0.09272450285763244,0.0,16.799401113873895,0.0
 10.354518284684762,6.348365371132058,4.364310036116678,-14.367557012235268,-3.188719195103012,-3.0,-0.09103223704710658,0.0,16.664048058552396,0.0
 10.365372998717554,6.314636991971294,4.372836281396243,-14.186673535930979,-3.2212833372013887,-3.000000000000041,-0.08943750071158037,0.0,16.53971279819681,0.0
 10.376184587402747,6.280675351361078,4.381308813739251,-14.007852964185659,-3.253718103256967,-3.000000000000082,-0.08793535225833896,0.0,16.426050345904418,0.0
 10.386952711337074,6.246485901060001,4.389726149399883,-13.830975218309476,-3.2860224750599474,-3.0000000000000826,-0.08652120981257747,0.0,16.322743004443687,0.0
 10.397677037804673,6.212074092826657,4.398086804632319,-13.655924793483083,-3.3181954544627494,-3.0000000000001243,-0.08519082379877854,0.0,16.229498745699175,0.0
 10.408357240449426,6.1774453784196375,4.406389295690741,-13.482590458056247,-3.350236062397009,-3.0,-0.08394025176137435,0.0,16.146049736090617,0.0
 10.418992998963361,6.142605209597535,4.414632138829329,-13.310864972109204,-3.382143337938813,-2.9999999999999165,-0.08276583565653917,0.0,16.072150990684555,0.0
 10.429583998790342,6.107559038118941,4.422813850302261,-13.140644823747682,-3.4139163374197494,-2.999999999999916,-0.08166418103974704,0.0,16.007579150535726,0.0
 10.440129930844236,6.072312315742449,4.43093294636372,-12.9718299816788,-3.4455541335814317,-3.0,-0.08063213816480962,0.0,15.952131372009125,0.0
 10.450630491240862,6.036870494226649,4.438987943267887,-12.804323662752115,-3.4770558147713073,-2.9999999999999156,-0.07966678472624332,0.0,15.905624315341433,0.0
 10.46108538104297,6.001239025330134,4.446977357268941,-12.638032113301465,-3.5084204841776367,-3.000000000000085,-0.07876541018620799,0.0,15.867893230003942,0.0
 10.47149430601765,5.9654233608114975,4.454899704621062,-12.472864403164126,-3.539647259101677,-3.0000000000000426,-0.07792550133017552,0.0,15.838791126730445,0.0
 10.481856976405489,5.929428952429331,4.462753501578432,-12.30873223137601,-3.5707352702651893,-3.0,-0.07714472926298471,0.0,15.818188032279323,0.0
 10.492173106700923,5.893261251942224,4.470537264395231,-12.145549742597323,-3.6016836611514944,-2.999999999999914,-0.07642093732731617,0.0,15.805970315481337,0.0
 10.502442415443223,5.856925711108772,4.478249509325639,-11.983233353456011,-3.632491587378394,-2.9999999999998703,-0.07575213023595223,0.0,15.802040088782185,0.0
 10.512664625017557,5.820427781687564,4.485888752623837,-11.821701587966459,-3.663158216101394,-2.999999999999913,-0.07513646410890107,0.0,15.806314671205298,0.0
 10.522839461465662,5.783772915437195,4.493453510544006,-11.660874921339653,-3.693682725445711,-3.0000000000000435,-0.07457223731258629,0.0,15.81872611687602,0.0
 10.532966654305653,5.746966564116256,4.500942299340325,-11.500675631471037,-3.7240643039656853,-2.9999999999999125,-0.07405788211482649,0.0,15.839220797056148,0.0
 10.543045936360507,5.7100141794833394,4.5083536352669755,-11.341027657528405,-3.754302150130245,-2.999999999999956,-0.07359195718390026,0.0,15.867759041886757,0.0
 10.553077043594822,5.672921213297037,4.515686034578137,-11.181856465010965,-3.7843954718331925,-3.000000000000133,-0.07317314054041293,0.0,15.904314830799784,0.0
 10.563059714959468,5.63569311731594,4.522938013527992,-11.023088916775217,-3.8143434859271306,-2.9999999999998663,-0.07280022330648939,0.0,15.948875534457697,0.0
 10.572993692243736,5.598335343298642,4.53010808837072,-10.864653149506312,-3.8441454177799312,-2.999999999999955,-0.07247210397706891,0.0,16.001441702920516,0.0
 10.582878719934659,5.560853343003734,4.5371947753605,-10.706478455178251,-3.8738005008527,-2.999999999999955,-0.07218778318138523,0.0,16.062026898858758,0.0
 10.592714545083183,5.523252568189809,4.544196590751515,-10.548495167070195,-3.903307976298272,-3.0000000000001354,-0.07194635890418982,0.0,16.1306575793985,0.0
 10.602500917176865,5.485538470615459,4.551112050797943,-10.390634549882412,-3.932667092579322,-3.0000000000000906,-0.07174702231544698,0.0,16.207373011422238,0.0
 10.612237588018836,5.447716502039275,4.5579396717539655,-10.232828693657154,-3.9618771051052346,-3.000000000000091,-0.07158905380733498,0.0,16.292225239780233,0.0
 10.621924311612737,5.409792114219851,4.564677969873764,-10.075010411029847,-3.990937275886933,-2.9999999999999085,-0.0714718195972271,0.0,16.34468424001244,0.0
 10.631584778046488,5.371770758915777,4.571325461411518,-9.917113137558943,-4.0,-0.9381249006159719,-0.07139476856812231,0.0,16.34674121490669,0.0
 10.641252900928741,5.333657887885646,4.577880662621408,-9.75907083476883,-4.0,-0.0,-0.0713574296340583,0.0,16.3393449730637,0.0
 10.650938291588089,5.295458952888051,4.584342089757614,-9.600817895586859,-4.0,-0.0,-0.07135940918610621,0.0,16.340944700476374,0.0
 10.660639618321134,5.257179405681584,4.590708259074319,-9.442289051920891,-4.0,-0.0,-0.07140038908195051,0.0,16.351469881719236,0.0
 10.6703555502237,5.218824698024836,4.5969776868257,-9.283419284043267,-4.0,-0.0,-0.07148012473843868,0.0,16.370866809245612,0.0
 10.68008475725484,5.180400281676399,4.603148889265939,-9.1241437315769,-4.0,-0.0,-0.07159844370587136,0.0,16.39909824345785,0.0
 10.689825910301565,5.141911608394867,4.609220382649217,-8.96439760575909,-4.0,-0.0,-0.07175524427701147,0.0,16.43614312977447,0.0
 10.699577681244387,5.10336412993883,4.615190683229715,-8.804116102774106,-4.0,-0.0,-0.07195049457327991,0.0,16.481996376065045,0.0
 10.709338743023807,5.064763298066881,4.621058307261611,-8.643234317899173,-4.0,-0.0,-0.07218423178225887,0.0,16.536668685948726,0.0
 10.71910776970789,5.026114564537612,4.626821770999087,-8.481687160240273,-4.0,-0.0,-0.07245656153038453,0.0,16.600186450512982,0.0
 10.728883436561055,4.987423381109615,4.632479590696326,-8.319409267799621,-4.0,-0.0,-0.07276765775844361,0.0,16.672591693430277,0.0
 10.73866442011419,4.948695199541483,4.638030282607502,-8.156334922658058,-4.0,-0.0,-0.07311776260076085,0.0,16.753942063891913,0.0
 10.748449398236254,4.909935471591806,4.643472362986803,-7.992397966104577,-4.0,-0.0,-0.07350718654861005,0.0,16.84431089630971,0.0
 10.758237050207484,4.87114964901918,4.6488043480884045,-7.827531713356284,-4.0,-0.0,-0.0739363089397997,0.0,16.943787303584607,0.0
 10.768026056794378,4.832343183582193,4.654024754166488,-7.6616688678345595,-4.0,-0.0,-0.07440557854069554,0.0,17.052476341194996,0.0
 10.777815100326553,4.793521527039438,4.6591320974752355,-7.494741434599221,-4.0,-0.0,-0.07491551445586485,0.0,17.170499211909274,0.0
 10.787602864775671,4.754690131149509,4.664124894268826,-7.326680632839294,-4.0,-0.0,-0.07546670725745219,0.0,17.2979935280904,0.0
 10.797388035836569,4.715854447670997,4.669001660801441,-7.157416807156611,-4.0,-0.0,-0.07605982026871996,0.0,17.435113628634436,0.0
 10.807169301010765,4.677019928362494,4.673760913327259,-6.986879337412703,-4.0,-0.0,-0.07669559118191996,0.0,17.582030948760426,0.0
 10.816945349692489,4.638192024982591,4.6784011681004625,-6.814996546934028,-4.0,-0.0,-0.07737483395298403,0.0,17.738934449574863,0.0
 10.826714873257442,4.599376189289883,4.682920941375231,-6.641695608811756,-4.0,-0.0,-0.07809844073986864,0.0,17.906031100915914,0.0
 10.836476565154436,4.560577873042959,4.687318749405747,-6.466902450106622,-4.0,-0.0,-0.07886738435171164,0.0,18.08354642915302,0.0
 10.846229121000134,4.521802528000413,4.691593108446188,-6.290541653668049,-4.0,-0.0,-0.07968272086252334,0.0,18.27172512304202,0.0
 10.85597123867706,4.483055605920837,4.695742534750736,-6.112536357358909,-4.0,-0.0,-0.08054559242466551,0.0,18.442495158152713,0.0
 10.865716568981721,4.444342558562823,4.699765544573571,-5.93280815040059,-3.987727006778203,1.259371702971064,-0.08145723055943062,0.0,18.55529695229766,0.0
 10.875499823018389,4.405668837684962,4.703660654168874,-5.7512769665904715,-3.9583772446682026,2.9999999999999547,-0.08241895951959376,0.0,18.636527274487154,0.0
 10.885341570344718,4.367039895045847,4.707426379790826,-5.567860974114738,-3.9288520026892164,3.0000000000000453,-0.08343220023306383,0.0,18.72524687266443,0.0
 10.895241814316144,4.328461182404071,4.711061237693606,-5.382476461650175,-3.899151270774938,3.0,-0.0844984743676765,0.0,18.82150351398146,0.0
 10.90520056925811,4.289938151518225,4.714563744131397,-5.195037720515098,-3.869275005949043,2.9999999999999556,-0.0856194088492462,0.0,18.92535452415268,0.0
 10.915217861024587,4.251476254146901,4.717932415358375,-5.005456922462626,-3.839223130649608,3.000000000000089,-0.08679674081155661,0.0,19.03686677325691,0.0
 10.925293727596046,4.213080942048691,4.721165767628724,-4.813643992916638,-3.808995530935231,2.9999999999998677,-0.08803232277102797,0.0,19.156116692445565,0.0
 10.935428219719931,4.174757666982188,4.724262317196625,-4.61950647917285,-3.7785920545635805,2.9999999999999125,-0.08932812843614961,0.0,19.28319029372636,0.0
 10.945621401597037,4.136511880705983,4.727220580316256,-4.422949413338028,-3.7480125089322573,3.0000000000001306,-0.09068625879733308,0.0,19.418183213194364,0.0
 10.955873351617477,4.0983490349786695,4.730039073241799,-4.223875169548624,-3.7172566588709386,3.0000000000000435,-0.09210894882475519,0.0,19.561200765028158,0.0
 10.966184163150203,4.060274581558838,4.732716312227434,-4.022183315106621,-3.686324224272764,2.999999999999957,-0.09359857455781759,0.0,19.71235800846572,0.0
 10.97655394539052,4.022293972205082,4.735250813527342,-3.8177704551156486,-3.6552148775518094,3.0000000000001283,-0.0951576608311934,0.0,19.871779825610115,0.0
 10.98698282427037,3.9844126586759936,4.737641093395703,-3.6105300701872984,-3.6239282409122557,3.000000000000128,-0.0967888895629496,0.0,20.03960100932952,0.0
 10.997470943436625,3.946636092730164,4.739885668086697,-3.4003523467572614,-3.592463883413492,3.000000000000085,-0.09849510863076909,0.0,20.215966360966412,0.0
 11.00801846530316,3.9089697261261853,4.741983053854506,-3.1871239995118557,-3.56082131781389,3.000000000000042,-0.10027934141442411,0.0,20.401030792036977,0.0
 11.018625572183023,3.8714190106226507,4.74393176695331,-2.9707280854412983,-3.5289999971742936,3.000000000000084,-0.10214479716198972,0.0,20.594959432634642,0.0
 11.029292467507652,3.8339893979781507,4.745730323637288,-2.7510438089584186,-3.4969993112004096,2.999999999999917,-0.10409488194196112,0.0,20.797927740559196,0.0
 11.040019377140716,3.7966863399512794,4.747377240160621,-2.5279463175304637,-3.464818582301219,3.0000000000001243,-0.1061332105173443,0.0,21.010121612287236,0.0
 11.050806550795055,3.7595152883006273,4.748871032777492,-2.3013064871998936,-3.4324570613381944,3.000000000000082,-0.10826361913791355,0.0,21.231737489010776,0.0
 11.061654263561932,3.7224816947847867,4.750210217742078,-2.070990697377396,-3.399913923037567,3.0,-0.11049017918029233,0.0,21.46298245457211,0.0
 11.072562817562794,3.685591011162351,4.751393311308562,-1.8368605942521283,-3.3671882610349795,2.999999999999959,-0.11281721183935069,0.0,21.70407433014899,0.0
 11.083532543734902,3.6488486891919107,4.752418829731123,-1.598772842031325,-3.3342790825186577,2.999999999999919,-0.11524930393749748,0.0,21.955241742708278,0.0
 11.094563803763243,3.6122601806320587,4.753285289263942,-1.3565788613824212,-3.3011853024336344,3.0,-0.11779132484007855,0.0,22.216724184246786,0.0
 11.105656992172621,3.575830937241387,4.753991206161199,-1.110124554167394,-3.2679057372055023,2.99999999999992,-0.120448444690677,0.0,22.48877203959235,0.0
 11.11681253859524,3.539566410778488,4.754535096677076,-0.8592500136919915,-3.234439097937641,2.99999999999996,-0.12322615393215709,0.0,22.771646580785326,0.0
 11.128030910230873,3.5034720530019525,4.754915477065752,-0.6037892195934933,-3.2007839830307474,3.0000000000000395,-0.12613028430305195,0.0,23.065619924005528,0.0
 11.139312614518545,3.467553315670375,4.755130863581408,-0.3435697163990466,-3.166938870167734,3.0,-0.1291670314254736,0.0,23.370974934189796,0.0
 11.15065820204094,3.4318156505423456,4.755179772478224,-0.07841227479944188,-3.132902107600542,3.0,-0.13234297894975583,0.0,23.68800506996949,0.0
 11.1620682696851,3.3962645093764574,4.7550607200103805,0.19186946540407754,-3.098671904668066,3.000000000000039,-0.1356651246330406,0.0,24.017014155749116,0.0
 11.173543464085782,3.360905343931302,4.754772222432059,0.4674693717652543,-3.0642463214660176,2.9999999999999614,-0.13914090822643624,0.0,24.358316067626678,0.0
 11.185084485381097,3.3257436059654717,4.75431279599744,0.748589216219728,-3.0296232575800737,3.0000000000001155,-0.1427782414841399,0.0,24.712234314250857,0.0
 11.196692091313501,3.290784747237558,4.753680956960703,1.0354390938487719,-2.994800439782863,3.0,-0.1465855403869475,0.0,25.07910149817516,0.0
 11.20836710171345,3.2560342195061547,4.752875221576028,1.3282378646613155,-2.9597754085830195,3.0,-0.1505717596726348,0.0,25.459258631175352,0.0
 11.220110403407643,3.2214974745298517,4.751894106097597,1.6272136196777462,-2.9245455035004353,2.9999999999999245,-0.15474642997681945,0.0,25.853054282022068,0.0
 11.231922955599202,3.187179964067243,4.75073612677959,1.9326041726953647,-2.889107846925755,3.0000000000000377,-0.1591196976644964,0.0,26.26084352370386,0.0
 11.243805795773271,3.1530871398769196,4.749399799876187,2.2446575791237477,-2.85345932640355,3.0000000000000746,-0.1637023674680004,0.0,26.682986651006978,0.0
 11.255760046188673,3.119224453717474,4.747883641641569,2.5636326833807255,-2.817596575157343,2.9999999999999627,-0.16850594843022512,0.0,27.119847625763125,0.0
 11.267786921024467,3.085597357347498,4.746186168329915,2.8897996963415506,-2.781515950649964,3.0000000000000737,-0.1735427028604412,0.0,27.571792203384465,0.0
 11.279887734259713,3.052211302525585,4.744305896195409,3.2234408043557066,-2.745213510944228,2.9999999999999267,-0.17882569897624945,0.0,28.039185697309684,0.0
 11.292063908375848,3.019071741010325,4.742241341492228,3.564850811480792,-2.708684988595823,3.0,-0.18436886714689676,0.0,28.522390303250376,0.0
 11.30431698398387,2.9861841245603116,4.739991020474554,3.914337816388068,-2.6719257617717536,2.9999999999999636,-0.19018706011538083,0.0,29.02176193659725,0.0
 11.31664863049356,2.953553904934137,4.737553449396567,4.272223925678558,-2.634930822242683,3.000000000000072,-0.19629611730635438,0.0,29.537646478324007,0.0
 11.32906065795952,2.921186533890392,4.734927144512448,4.638846005047294,-2.5976947398448083,2.9999999999998925,-0.20271293335849871,0.0,30.07037535335324,0.0
 11.341555030259478,2.889087463187669,4.732110622076378,5.01455646991163,-2.5602116229449288,2.9999999999999645,-0.20945553132653322,0.0,30.62026032078507,0.0
 11.354133879784698,2.857262144584562,4.729102398342535,5.399724116909835,-2.52247507436927,3.000000000000035,-0.2165431404095283,0.0,31.187587355043405,0.0
 11.366799523851093,2.8257160298396613,4.725900989565101,5.794734997638416,-2.484478142170084,3.00000000000007,-0.22399627860981014,0.0,31.772609470155228,0.0
 11.379554483074047,2.7944545707115593,4.722504911998257,6.199993335837078,-2.4462132645012225,3.0000000000000346,-0.23183684020933062,0.0,32.375538314790546,0.0
 11.39240150199075,2.7634832189588487,4.718912681896184,6.615922489005654,-2.407672207751111,3.0000000000000693,-0.24008818827372327,0.0,32.99653434124104,0.0
 11.405343572262954,2.732807426340121,4.7151228155130624,7.042965955189183,-2.3688459969344984,3.000000000000069,-0.2487752520723352,0.0,33.63569531655337,0.0
 11.418383958852017,2.7024326446139684,4.71113382910307,7.48158842530895,-2.3297248371673103,3.000000000000102,-0.25792462937239763,0.0,34.2930429080081,0.0
 11.431526229629526,2.672364325538983,4.70694423892039,7.932276880990729,-2.290298024834783,3.0,-0.26756469332054683,0.0,34.968507032518765,0.0
 11.444774288973523,2.642607920873757,4.702552561219202,8.39554173732849,-2.250553846802794,3.0,-0.27772570356628024,0.0,35.661907594885626,0.0
 11.458132416006361,2.613168882376883,4.697957312253686,8.871918029214294,-2.2104794657042808,3.0,-0.2884399211006129,0.0,36.37293320267492,0.0
 11.471605308260491,2.584052661806952,4.693157008278025,9.361966639220645,-2.170060788941888,2.9999999999999343,-0.2997417259812124,0.0,37.101116346205146,0.0
 11.485198131719436,2.5552647109225566,4.688150165546395,9.86627556384441,-2.129282318565052,2.999999999999967,-0.3116677369005503,0.0,37.84580445853818,0.0
 11.498916578381406,2.52681048148229,4.68293530031298,10.385461213688195,-2.0881269785791434,3.0,-0.32425693125274613,0.0,38.60612618165736,0.0
 11.512766932743652,2.498695425244743,4.67751092883196,10.920169741857729,-2.046575915492406,2.999999999999968,-0.33755076370413584,0.0,39.38095200101506,0.0
 11.526756148921592,2.470924993968508,4.671875567357515,11.471078392692972,-2.00460826695859,2.999999999999905,-0.3515932811182965,0.0,40.16884831966762,0.0
 11.540891940518078,2.4435046394121778,4.666027732143824,12.038896861210675,-1.9622008921691305,2.9999999999999845,-0.3664312307011629,0.0,40.968023808921,0.0
 11.55518288587205,2.416439813334343,4.659965939445071,12.624368650724184,-1.9193280561072148,3.0,-0.38211415780010993,0.0,41.77626670139993,0.0
 11.569638551979333,2.3897359674935967,4.6536887055154335,13.228272413368426,-1.8759610577853667,2.9999999999999387,-0.3986944886025061,0.0,42.59087138610991,0.0
 11.584269641243191,2.363398553648531,4.647194546609093,13.851423254444102,-1.8320677899937912,3.000000000000076,-0.41622759220144473,0.0,43.40855236335441,0.0
 11.59908816635038,2.3374330235577387,4.640481978980229,14.494673977507269,-1.7876122146722195,2.999999999999985,-0.4347718150170135,0.0,44.225343172627554,0.0
 11.614107660082412,2.311844828979811,4.633549518883024,15.158916242085464,-1.7425537334761263,3.0000000000000298,-0.45438847931187193,0.0,45.03647738968672,0.0
 11.629343428908701,2.2866394216733394,4.626395682571657,15.845081600345061,-1.696846426997264,2.9999999999999565,-0.4751418355019639,0.0,45.83624807113685,0.0
 11.644812861983212,2.2618222533969172,4.619018986300309,16.55414237226823,-1.6504381277737286,3.000000000000014,-0.4970989565180884,0.0,46.61784113461252,0.0
 11.66053581099772,2.237398775909136,4.61141794632316,17.287112311594182,-1.6032692807302056,2.999999999999915,-0.5203295595911966,0.0,47.373136888039035,0.0
 11.676535061713675,2.2133744409685887,4.60359107889439,18.045047005867236,-1.5552715285823373,2.9999999999999583,-0.544905738860308,0.0,48.09247224789085,0.0
 11.692836925640327,2.1897547003338653,4.595536900268183,18.829043944348573,-1.506365936802387,2.9999999999999183,-0.5709015890896515,0.0,48.76435376875082,0.0
 11.709471991409435,2.1665450057635605,4.587253926698715,19.64024217647981,-1.4564607394950617,3.0000000000000133,-0.5983926976108652,0.0,49.37510814472152,0.0
 11.726476091781317,2.1437508090162654,4.578740674440168,20.479821471245156,-1.4054484383794168,3.000000000000026,-0.6274554787379608,0.0,49.908451747575626,0.0
 11.74389156697453,2.1213775618505712,4.569995659746724,21.34900087458675,-1.353202012799777,2.9999999999999747,-0.6581663209808589,0.0,50.344952952821444,0.0
 11.76176894335058,2.099430716025071,4.561017398872561,22.24903654715886,-1.2995698836716287,2.999999999999938,-0.6906005143590807,0.0,50.6613488594239,0.0
 11.780169207521201,2.0779157232983567,4.551804408071861,23.181218749412206,-1.2443690911597682,2.999999999999988,-0.7248309219376584,0.0,50.82965832153642,0.0
 11.799166956224953,2.0568380354290206,4.542355203598806,24.14686782490238,-1.1873758450485101,2.999999999999965,-0.7609263569449947,0.0,50.81600027015744,0.0
 11.818854873144417,2.0362031041756543,4.532668301707573,25.147329016400708,-1.1283120942901181,2.9999999999999774,-0.7989496254304096,0.0,50.5789689278804,0.0
 11.839350287334884,2.0160163812968506,4.522742218652344,26.183965933904343,-1.0668258517187186,3.0000000000000324,-0.8389551943033191,0.0,50.06731275314342,0.0
 11.86080513455413,1.9962833185512008,4.5125754706873,27.258152479701337,-1.002461310060974,3.000000000000031,-0.8809864464686165,0.0,49.21646179275902,0.0
 11.88342176533488,1.9770093676972977,4.502166574066623,28.371263024402996,-0.9346114177187285,2.9999999999999756,-0.9250724903479693,0.0,47.943030756960766,0.0
 11.907479435010476,1.9581999804937331,4.491514045044489,29.52466062160089,-0.8624384086919397,3.0000000000000506,-0.9712244999495873,0.0,46.13548668604921,0.0
 11.933381891298001,1.939860608699099,4.480616399875082,30.71968304879003,-0.7847310398293617,2.999999999999966,-1.0194315767058728,0.0,43.63681205940207,0.0
 11.961751136549061,1.9219967040719879,4.469472154812582,31.957626472077543,-0.6996233040761859,3.000000000000039,-1.0696561448131545,0.0,40.20809050234479,0.0
 11.993637756020728,1.9046137183709915,4.458079826111169,33.23972655360819,-0.6039634456611818,3.000000000000021,-1.121828921313933,0.0,35.436548389029085,0.0
 12.031096548292968,1.887717103354702,4.446437930025024,34.56713685855797,-0.491587068844466,2.9999999999999734,-1.1758435394874467,0.0,28.411938310449166,0.0
 12.07944832217159,1.8713123107817118,4.434544982808326,35.940904475198195,-0.3465317472085966,3.000000000000023,-1.2315509516393703,0.0,12.302235317760529,0.0
 12.194958904574456,1.8554047924106127,4.422399500715258,37.36194284160982,0,2.9999999999999893,-1.2315509516393703,0.0,0.0,0.0
 12.194958904574456,1.84,4.41,40.23140099572,0,-3.0,-2.634240020998033,0.0,0.0,0.0
 12.271962276686317,1.8332097323555565,4.404255396984986,40.23140099572,-0.23101011633558027,-2.9999999999999996,-2.634240020998033,0.0,42.38802830240355,0.0
 12.30332137404289,1.826685438788473,4.39847086580016,41.56065130200824,-0.3250874084052986,-3.0,-2.7739691843404777,0.0,57.88863190356103,0.0
 12.327029325358696,1.820425369473039,4.392646913107218,42.933072168916574,-0.3962112623527217,-2.9999999999999996,-2.918413849813693,0.0,71.88660262730743,0.0
 12.346728573365633,1.8144277745835444,4.386784045567853,44.349184182448035,-0.45530900637353294,-3.0000000000000027,-3.0671100042149435,0.0,85.3312325402919,0.0
 12.363840088817835,1.8086909042942794,4.3808827698437565,45.809330886616635,-0.5066435527301373,-2.999999999999997,-3.219465681666657,0.0,98.59110823258433,0.0
 12.379098267870242,1.8032130087795333,4.374943592596624,47.31365166900473,-0.552418089887361,-3.0,-3.374750640909327,0.0,111.83955857651786,0.0
 12.392943121052653,1.797992338213596,4.368967020488148,48.86205393748225,-0.5939526494345931,-3.000000000000002,-3.5320884416207585,0.0,125.15800285670477,0.0
 12.405664091886683,1.7930271427707571,4.3629535601800224,50.45418524146772,-0.6321155619366802,-2.9999999999999933,-3.6904518950562406,0.0,138.57458040273474,0.0
 12.417464386707763,1.7883156726253069,4.35690371833394,52.08940614492756,-0.6675164463999227,-2.999999999999995,-3.8486629220153468,0.0,152.08149612358383,0.0
 12.428493727578507,1.7838561779515345,4.350818001611594,53.76676480580721,-0.7006044690121531,-3.0000000000000075,-4.005397847053375,0.0,165.64392897212537,0.0
 12.438866637427521,1.77964690892373,4.344696916674679,55.484974348071596,-0.731723198559196,-3.0,-4.1591990592889925,0.0,179.20526357220396,0.0
 12.448673379859917,1.7756861157161832,4.338540970184887,57.242394210453895,-0.7611434258563851,-3.0000000000000027,-4.308493768235479,0.0,192.69070481647663,0.0
 12.457986867490186,1.7719720485031838,4.332350668803912,59.037016706230055,-0.7890838887471935,-3.0000000000000058,-4.451620260323767,0.0,205.1121497821725,0.0
 12.466906101720898,1.7685029574590216,4.326126519193448,60.86646001370201,-0.8087286119434591,-2.202512310824109,-4.586861620212549,0.0,212.406602715886,0.0
 12.475669994582658,1.7652770927579862,4.319869028015187,62.72796872303435,-0.7978763185298946,1.2382959929733506,-4.712486341331585,0.0,215.3522635955436,0.0
 12.484448421742657,1.7622927045743677,4.313578701930823,64.61842288274882,-0.788372045170225,1.0826852221292733,-4.826794644485868,0.0,218.0079206733317,0.0
 12.493236787440845,1.7595480430824555,4.307256047602052,66.53435621472724,-0.7802213746602853,0.9274387058815513,-4.928168709196822,0.0,220.34729457901042,0.0
 12.502030304035756,1.7570413584565396,4.300901571690562,68.47198380625167,-0.7734277841680478,0.7725681095738788,-5.015124467573501,0.0,222.34671959721985,0.0
 12.510824026534769,1.75477090087091,4.294515780858052,70.42723915695548,-0.76799251275979,0.6180853908987787,-5.086362194348722,0.0,223.98579226693013,0.0
 12.519612891258054,1.752734920499856,4.288099181766212,72.39581998512746,-0.7639144548729083,0.46400280528577403,-5.14081291155384,0.0,225.24795383514072,0.0
 12.528391757815744,1.7509316675176674,4.281652281076735,74.37324171423872,-0.7611900835123117,0.3103329276842043,-5.177677676993773,0.0,226.12097537324408,0.0
 12.537155453408701,1.7493593920986341,4.275175585451318,76.35489710959253,-0.7598134062240595,0.15708867037308336,-5.196457152782943,0.0,226.59731834217894,0.0
 12.545898818337655,1.7480163444170462,4.26866960155165,78.3361201557805,-0.7597759557738415,0.00428329945304593,-5.196969447110569,0.0,226.6743498492491,0.0
 12.554616751535656,1.7469007746471932,4.262134836039427,80.31225199546665,-0.7610668161236054,-0.14806953901181769,-5.179355034303175,0.0,226.35440033291607,0.0
 12.56330425493052,1.7460109329633644,4.255571795576342,82.27870661680124,-0.7636726831669852,-0.29995580144698886,-5.144068494425063,0.0,225.64466090155122,0.0
 12.571956475497732,1.7453450695398502,4.248980986824088,84.23103399273518,-0.7675779583244283,-0.45136102658344507,-5.091857775312855,0.0,224.55692740313452,0.0
 12.580568743977071,1.7449014345509404,4.2423629164443595,86.16497854042649,-0.7727648719556138,-0.6022703128251037,-5.023732553595093,0.0,223.10720736718508,0.0
 12.58913660938749,1.7446782781709242,4.235718091098849,88.07653106524285,-0.7792136326832629,-0.7526683040337494,-4.940923963197132,0.0,221.31521338245167,0.0
 12.59765586867184,1.7446738505740917,4.229047017449249,89.96197275161938,-0.7869025979035748,-0.9025391719718946,-4.844838409045253,0.0,219.2037717615636,0.0
 12.606122591021093,1.7448864019347332,4.222350202157254,91.81791022503337,-0.7958084603916012,-1.0518666044143017,-4.73700835707224,0.0,216.79817800464164,0.0
 12.614533136650428,1.7453141824271374,4.215628151884558,93.64130119349828,-0.8059064456717602,-1.2006337906232043,-4.619042903224541,0.0,214.12553074005,0.0
 12.622884170012552,1.745955442225595,4.208881373292853,95.42947064439088,-0.8171705150252554,-1.3488234168221354,-4.492580611212245,0.0,211.2140736197349,0.0
 12.631172667625002,1.7468084315043948,4.202110373043833,97.18011798930374,-0.8295735691610373,-1.4964176519943166,-4.3592466393600615,0.0,208.0925707800567,0.0
 12.639395920848866,1.7478714004378277,4.195315657799193,98.89131589283294,-0.8430876482726158,-1.6433981471421675,-4.220615614960424,0.0,204.78973623468661,0.0
 12.647551534081137,1.7491425992001828,4.188497734220623,100.56150177550178,-0.8576841246111481,-1.7897460218902677,-4.078181137943155,0.0,201.33373196938115,0.0
 12.655637418910024,1.7506202779657496,4.181657108969819,102.18946314437626,-0.8733338846218672,-1.9354418646688498,-3.9333322523055156,0.0,197.75174367077216,0.0
 12.663651784833181,1.752302686908819,4.174794288708474,103.77431798009653,-0.8900074982118239,-2.0804657224067586,-3.787336764166366,0.0,194.06963785152715,0.0
 12.671593127156877,1.7541880762036792,4.167909780098281,105.31549140891106,-0.9076753735145268,-2.2247970912909585,-3.6413309251302035,0.0,190.31169959378616,0.0
 12.679460212683672,1.7562746960246214,4.161004089800933,106.81268982636514,-0.926307896228918,-2.3684149169255733,-3.496314750046066,0.0,186.5004465296957,0.0
 12.687252063764488,1.7585607965459344,4.154077724478125,108.26587353223023,-0.9458755529545719,-2.5112975752104156,-3.3531520952868035,0.0,182.65651220841337,0.0
 12.694967941242815,1.7610446279419085,4.147131190791549,109.6752288010487,-0.9663490387266834,-2.6534228711668524,-3.212574566338307,0.0,178.79859024347758,0.0
 12.702607326760264,1.7637244403868333,4.140164995402898,111.04114016189523,-0.9876993490845787,-2.7947680227848797,-3.075188342103689,0.0,174.94342992832082,0.0
 12.710169904829039,1.7665984840549986,4.133179644973866,112.36416350834737,-1.00989785748266,-2.93530965184174,-2.9414830695930037,0.0,171.0593458154939,0.0
 12.717657581099434,1.769665009120694,4.126175646166147,113.64500051283939,-1.0323608862938458,-3.0,-2.811842083400414,0.0,167.0853891971096,0.0
 12.725075789110688,1.7729222657582095,4.1191535056414335,114.88447468554482,-1.0546155103276065,-2.999999999999985,-2.6865533213208224,0.0,163.01879866665416,0.0
 12.732430981424255,1.776368504141835,4.112113730061419,116.08350930046451,-1.0766810872683041,-3.000000000000015,-2.5658204268991724,0.0,158.89514833603866,0.0
 12.73972886322429,1.7800019744458595,4.105056826087798,117.24310731161994,-1.0985747326684085,-2.9999999999999694,-2.44977364676712,0.0,154.7453292199904,0.0
 12.74697448411274,1.7838209268445737,4.097983300382263,118.36433330140665,-1.1203115953337637,-3.0,-2.3384802340461426,0.0,150.59590337267855,0.0
 12.754172316945603,1.787823611512267,4.090893659606508,119.44829743919696,-1.1419050938323483,-2.9999999999999845,-2.231954160031377,0.0,146.46947628054593,0.0
 12.761326325874716,1.7920082786232288,4.083788410422225,120.49614138035065,-1.1633671206196905,-2.9999999999999845,-2.13016501202751,0.0,142.38507365508374,0.0
 12.768440025332465,1.7963731783517494,4.0766680594911096,121.50902600160238,-1.1847082189929379,-3.0000000000000155,-2.0330460143513904,0.0,138.35851187753156,0.0
 12.77551653136672,1.8009165608721185,4.069533113474853,122.48812084579424,-1.2059377370957018,-2.9999999999999845,-1.9405011574745556,0.0,134.40275424445582,0.0
 12.782558606475808,1.8056366763586256,4.06238407903515,123.43459513605205,-1.2270639624229673,-3.0,-1.8524114527492659,0.0,130.52824742468886,0.0
 12.789568698890363,1.8105317749855607,4.055221462833693,124.349610213209,-1.2480942396666321,-3.0000000000000315,-1.7686403554676942,0.0,126.74323460802644,0.0
 12.796548977087538,1.8156001069272136,4.048045771532176,125.23431325038264,-1.2690350742581527,-3.0,-1.6890384141726773,0.0,123.054043361464,0.0
 12.803501360193696,1.8208399223578737,4.040857511792292,126.08983210259343,-1.2898922235766292,-3.0,-1.613447212919537,0.0,119.46534744035895,0.0
 12.81042754482709,1.8262494714518311,4.033657190275735,126.91727115625802,-1.3106707774768136,-3.0,-1.5417026774442721,0.0,115.9804027121034,0.0
 12.81732902884677,1.8318270043833758,4.026445313644198,127.71770805217157,-1.3313752295358514,-3.0,-1.4736378167857933,0.0,112.60125806918875,0.0
 12.824207132404034,1.837570771326797,4.019222388559375,128.49219116584956,-1.352009540207641,-2.999999999999984,-1.4090849690784915,0.0,109.32894258512277,0.0
 12.831063016634914,1.8434790224563846,4.01198892168296,129.24173773929786,-1.372577192900286,-3.000000000000016,-1.3478776165911763,0.0,106.16363053164471,0.0
 12.837897700284092,1.8495500079464287,4.004745419676644,129.9673325690297,-1.3930812438478155,-3.0000000000000164,-1.2898518303277127,0.0,103.104786009362,0.0
 12.844712074510351,1.855781977971219,3.997492389202122,130.6699271654159,-1.413524366526594,-2.9999999999999836,-1.2348473980199277,0.0,100.15128898424327,0.0
 12.85150691608992,1.8621731827050447,3.990230336921087,131.35043930805347,-1.4339088912653002,-2.9999999999999836,-1.182708684961862,0.0,97.30154457206808,0.0
 12.858282899205282,1.8687218723221963,3.9829597694952326,132.0097529311724,-1.4542368406113841,-2.9999999999999507,-1.1332852700535496,0.0,94.55357730166345,0.0
 12.865040605982774,1.8754262969969633,3.975681193586252,132.64871828133997,-1.4745099609438606,-2.999999999999967,-1.086432395396889,0.0,91.9051120317535,0.0
 12.87178053592148,1.8822847069036355,3.9683951158558393,133.26815229744307,-1.494729750759983,-2.9999999999999836,-1.0420112615657786,0.0,89.35364306039247,0.0
 12.878503114338109,1.8892953522165024,3.9611020429656865,133.86883916972798,-1.514897486009868,-2.9999999999999836,-0.9998891973002388,0.0,86.89649286742798,0.0
 12.885208699937206,1.896456483109854,3.953802481577489,134.45153104091187,-1.5350142428071605,-3.0000000000000333,-0.9599397270560246,0.0,84.53086176220307,0.0
 12.891897591602868,1.9037663497579804,3.9464969383529387,135.01694881764433,-1.5550809178041476,-3.0000000000000164,-0.9220425574843786,0.0,82.25386964829433,0.0
 12.89857003449659,1.9112232023351705,3.939185919953729,135.5657830656601,-1.575098246485309,-2.9999999999999836,-0.8860834995126295,0.0,80.0625909050819,0.0
 12.905226225535976,1.9188252910157146,3.9318699330415536,136.09869496583264,-1.5950668196034712,-3.0,-0.851954340807216,0.0,77.95408335091255,0.0
 12.91186631832038,1.926570865973903,3.924549484278107,136.6163173122058,-1.6149870979566812,-2.999999999999983,-0.8195526803192447,0.0,75.92541210246823,0.0
 12.918490427561895,1.9344581773840244,3.91722508032508,137.11925553617968,-1.6348594256812294,-2.999999999999983,-0.7887817353815179,0.0,73.9736690613578,0.0
 12.925098633073606,1.9424854754203695,3.909897227844169,137.60808874379242,-1.6546840422163616,-3.0,-0.7595501286990224,0.0,72.0959886319462,0.0
 12.93169098336109,1.9506510102572272,3.9025664334970647,138.08337075517656,-1.6744610930788086,-2.999999999999983,-0.7317716627436015,0.0,70.28956029054812,0.0
 12.938267498858128,1.9589530320688882,3.895233203945463,138.54563113770743,-1.6941906395699262,-3.0,-0.7053650862304193,0.0,68.55163839991977,0.0
 12.944828174843078,1.9673897910296416,3.8878980458510557,138.99537622548678,-1.713872667524777,-3.000000000000017,-0.6802538576197864,0.0,66.87954978019943,0.0
 12.951372984068348,1.9759595373137773,3.880561465875536,139.43309011987006,-1.7335070952005842,-3.000000000000017,-0.6563659084869312,0.0,65.27069931808445,0.0
 12.957901879131986,1.9846605210955852,3.8732239706805984,139.8592356664481,-1.753093780391498,-3.0,-0.6336334097377521,0.0,63.722573972824264,0.0
 12.964414794617262,1.993490992549355,3.8658860669279362,140.2742554052374,-1.772632526847329,-3.0,-0.6119925429255603,0.0,62.23274543663847,0.0
 12.970911649023376,2.0024492018493762,3.8585482612792417,140.67857249163202,-1.7921230900656724,-2.999999999999983,-0.5913832775752164,0.0,60.79887167087239,0.0
 12.977392346508003,2.0115333991699393,3.8512110603962095,141.07259158633755,-1.811565182519551,-2.9999999999999827,-0.5717491564510031,0.0,59.418697511781346,0.0
 12.983856778460234,2.0207418346853334,3.8438749709405324,141.4566997130927,-1.8309584783762443,-3.0,-0.5530370889415063,0.0,58.090054539163276,0.0
 12.99030482492055,2.0300727585698484,3.8365404995739034,141.83126708364344,-1.8503026177571886,-2.9999999999999827,-0.5351971532934902,0.0,56.81086031306658,0.0
 12.996736355862726,2.0395244209977745,3.8292081529580173,142.1966478895986,-1.8695972105837197,-3.0000000000000346,-0.518182408248833,0.0,55.579117122405954,0.0
 13.003151232351108,2.049095072143401,3.821878437754566,142.55318106127214,-1.8888418400488658,-3.0,-0.5019487136976587,0.0,54.392910358694046,0.0
 13.009549307585257,2.0587829621810174,3.8145518606252433,142.90119099395136,-1.9080360657513105,-2.9999999999999827,-0.486454560714964,0.0,53.25040655833176,0.0
 13.015930427842829,2.068586341284914,3.8072289282317437,143.2409882419647,-1.927179426524026,-3.0,-0.47166091089910056,0.0,52.149851236885276,0.0
 13.022294433330424,2.0785034596293808,3.7999101472357593,143.57287018141352,-1.9462714429868138,-3.0000000000000173,-0.45753104438144754,0.0,51.08956654388138,0.0
 13.02864115895118,2.088532567388707,3.792596024298983,143.89712164235084,-1.9653116198490779,-3.0000000000000173,-0.4440304168968627,0.0,50.06794879818229,0.0
 13.034970434997012,2.0986719147371824,3.7852870660831104,144.21401551134318,-1.9842994479865785,-3.0,-0.4311265248098846,0.0,49.08346593755093,0.0
 13.041282087772673,2.1089197518490965,3.777983779249833,144.52381330536696,-2.0032344063135588,-2.999999999999965,-0.41878877874216136,0.0,48.134654950489185,0.0
 13.047575940158,2.11927432889874,3.770686670460845,144.82676571824402,-2.022115963469542,-2.999999999999965,-0.40698838426018524,0.0,47.220119257702684,0.0
 13.053851812114235,2.129733896060402,3.7633962463778396,145.12311314046346,-2.0409435793382453,-3.0000000000000178,-0.3956982305000974,0.0,46.33852613742167,0.0
 13.060109521139605,2.140296703508373,3.7561130136625103,145.41308615369596,-2.0597167064143553,-3.0000000000000355,-0.3848927853062141,0.0,45.488604153260525,0.0
 13.066348882678948,2.150961001416942,3.7488374789765504,145.69690600092824,-2.0784347910323864,-3.0,-0.3745479971532201,0.0,44.66914064135469,0.0
 13.072569710491656,2.1617250399603987,3.7415701489816535,145.97478503339974,-2.0970972744705096,-2.9999999999999645,-0.36464120339338524,0.0,43.878979241571386,0.0
 13.078771816981813,2.172587069313033,3.7343115303395127,146.24692713533534,-2.1157035939409807,-3.000000000000036,-0.35515104408600795,0.0,43.117017502508034,0.0
 13.084955013494058,2.183545339649135,3.727062129711822,146.51352812757526,-2.1342531834777154,-3.0000000000000178,-0.34605738150018794,0.0,42.382204547349545,0.0
 13.09111911057834,2.194598101142994,3.7198224537602735,146.774776151051,-2.152745474730559,-2.999999999999964,-0.3373412250123886,0.0,41.673538828474555,0.0
 13.097263918226453,2.2057436039689007,3.7125930091465618,147.03085203116814,-2.1711798976748984,-2.999999999999982,-0.3289846603981679,0.0,40.990065946285306,0.0
 13.103389246082967,2.2169800983011436,3.7053743025323795,147.28192962394934,-2.189555881244445,-2.999999999999982,-0.3209707841684091,0.0,40.33087656969773,0.0
 13.109494903632926,2.2283058343140136,3.6981668405794217,147.52817614497354,-2.2078728538943206,-3.0000000000000364,-0.3132836419712276,0.0,39.69510441569554,0.0
 13.115580700368444,2.2397190621817997,3.69097112994938,147.7697524818426,-2.226130244100871,-2.9999999999999454,-0.3059081708649458,0.0,39.08192434207542,0.0
 13.121646445936177,2.251218032078792,3.6837876773039477,148.00681349119907,-2.244327480804074,-3.000000000000018,-0.2988301457470449,0.0,38.4905504945033,0.0
 13.127691950267435,2.2628009941792797,3.6766169893048195,148.23950828092606,-2.262463993797846,-3.000000000000037,-0.2920361287634004,0.0,37.92023455334257,0.0
 13.133717023692514,2.274466198657554,3.669459572613688,148.46798047840613,-2.280539214073081,-3.000000000000018,-0.2855134224821395,0.0,37.37026406028225,0.0
 13.13972147704075,2.2862118956879027,3.6623159338922466,148.6923684855674,-2.2985525741177923,-2.9999999999999445,-0.2792500257842043,0.0,36.83996081796591,0.0
 13.145705121727605,2.298036335444617,3.655186579802189,148.91280572137975,-2.316503508178355,-3.0,-0.2732345928525111,0.0,36.32867937098278,0.0
 13.15166776982997,2.3099377681019866,3.648072017005209,149.12942085249256,-2.3343914524854488,-2.9999999999999627,-0.26745639463471527,0.0,35.83580556110479,0.0
 13.157609234150824,2.3219144438343,3.6409727521629986,149.34233801264293,-2.3522158454480127,-3.0,-0.2619052829185802,0.0,35.36075516035705,0.0
 13.163529328274217,2.3339646128158487,3.633889291937253,149.5516770114665,-2.3699761278181897,-3.0,-0.25657165670578647,0.0,34.90297255962875,0.0
 13.169427866611482,2.3460865252209215,3.626822142989664,149.757553533194,-2.3876717428299883,-3.0000000000000187,-0.2514464308927312,0.0,34.46192955035068,0.0
 13.175304664439532,2.3582784312238085,3.6197718119819258,149.9600793259259,-2.405302136314137,-2.999999999999943,-0.24652100663393212,0.0,34.03712414322799,0.0
 13.18115953793195,2.370538580998799,3.6127388055757317,150.15936238183022,-2.422866756791389,-2.999999999999943,-0.24178724402029922,0.0,33.6280794747738,0.0
 13.186992304183594,2.3828652247201836,3.605723630432775,150.35550710889825,-2.440365055546319,-3.0,-0.2372374362063126,0.0,33.23434275751585,0.0
 13.192802781229314,2.395256612562251,3.5987267932147495,150.54861449462044,-2.4577964866834834,-3.0,-0.2328642854427954,0.0,32.855484299413256,0.0
 13.19859078805737,2.4077109946992916,3.591748800583348,150.73878226208447,-2.4751605071676472,-3.000000000000077,-0.2286608804520756,0.0,32.49109657299089,0.0
 13.204356144618025,2.420226621305595,3.5847901592002644,150.92610501887444,-2.492456576849612,-2.999999999999923,-0.22462067534307875,0.0,32.140793340586406,0.0
 13.210098671827842,2.432801742555451,3.577851375727192,151.11067439917792,-2.5096841584790672,-3.0000000000000386,-0.22073746990294962,0.0,31.80420883342854,0.0
 13.215818191570065,2.4454346086231498,3.570932956825824,151.29257919948648,-2.526842717705734,-2.9999999999999614,-0.2170053910947611,0.0,31.48099697505809,0.0
 13.221514526691479,2.4581234696829806,3.5640354091578534,151.47190550821261,-2.5439317230699747,-3.000000000000039,-0.2134188758194071,0.0,31.17083066054191,0.0
 13.22718750099613,2.470866575909233,3.5571592393849745,151.6487368296045,-2.5609506459839295,-3.000000000000039,-0.2099726546176943,0.0,30.87340107165246,0.0
 13.232836939236202,2.483662177476198,3.5503049541688805,151.8231542022198,-2.577898960704147,-3.0000000000000395,-0.2066617366258009,0.0,30.588417044165528,0.0
 13.238462667100348,2.4965085245581635,3.5434730601712645,151.99523631230528,-2.594776144296586,-3.0000000000000395,-0.20348139535025803,0.0,30.31560447734867,0.0
 13.24406451119975,2.509403867329421,3.5366640640538196,152.16505960236654,-2.6115816765947955,-3.0000000000000395,-0.2004271554913643,0.0,30.054705776971645,0.0
 13.249642299052148,2.5223464559642594,3.52987847247824,152.33269837515672,-2.628315040151988,-3.00000000000004,-0.19749478029944365,0.0,29.80547934546006,0.0
 13.25519585906405,2.5353345406369683,3.523116792106219,152.4982248933852,-2.6449757201876922,-3.00000000000008,-0.19468026034171917,0.0,29.56769910924513,0.0
 13.260725020511341,2.548366371521838,3.5163795295994493,152.66170947538512,-2.661563204529562,-3.0,-0.19197980231474832,0.0,29.341154079910723,0.0
 13.266229613518455,2.5614401987931577,3.5096671916196245,152.82322058695408,-2.678076983550907,-3.0000000000000404,-0.18938981902377153,0.0,29.125647952577044,0.0
 13.271709469036299,2.574554272625218,3.502980284828439,152.9828249295978,-2.694516550104438,-3.0000000000000404,-0.1869069199657301,0.0,28.920998736974465,0.0
 13.277164418819044,2.5877068431923074,3.4963193158875847,153.14058752537485,-2.710881399452678,-3.0000000000000813,-0.18452790243034384,0.0,28.727038435523685,0.0
 13.28259429539997,2.600896160668717,3.489684791458756,153.29657179861525,-2.7271710291954525,-3.0000000000000817,-0.18224974324232365,0.0,28.543612727576036,0.0
 13.287998932066428,2.614120475228736,3.483077218203646,153.45083965455586,-2.743384939194827,-3.0,-0.18006959113501497,0.0,28.370580716091677,0.0
 13.293378162834099,2.627378037046654,3.476497102783948,153.60345155524058,-2.7595226314978407,-3.0,-0.17798475955436507,0.0,28.207814687115746,0.0
 13.298731822420596,2.6406670962967613,3.469944951861356,153.7544665927544,-2.7755836102573324,-3.0000000000000413,-0.17599271997050683,0.0,28.0551999040697,0.0
 13.304059746218531,2.653985903153347,3.4634212720975626,153.9039425599791,-2.7915673816511375,-2.9999999999999583,-0.1740910957561766,0.0,27.912634440010798,0.0
 13.309361770268126,2.667332707790701,3.4569265701542617,154.05193601906754,-2.807473453799919,-3.0,-0.17227765649955423,0.0,27.663508647744386,0.0
 13.314659953898055,2.680705760383114,3.4504613526931465,154.19850236773146,-2.7996836497566795,1.4702782287941114,-0.17055031266070894,0.0,27.271650229751586,0.0
 13.31998392713026,2.6941033111048744,3.4440261263759107,154.34369590355269,-2.7837117300600682,3.0000000000000417,-0.1689071106758992,0.0,26.855428933909668,0.0
 13.325341279016216,2.7075236101302727,3.437621397864247,154.48756988639997,-2.767639674402195,3.0,-0.16734622859678075,0.0,26.454230282126186,0.0
 13.330731974992931,2.720964907633599,3.431247673819849,154.6301765991489,-2.7514675864720517,2.9999999999999587,-0.16586597184943241,0.0,26.067590698137142,0.0
 13.336155982499413,2.734425453789142,3.424905460904411,154.77156740677154,-2.7351955639526033,2.999999999999959,-0.16446476964516418,0.0,25.695069223934983,0.0
 13.341613271055406,2.7479034987711923,3.4185952657796257,154.91179281399275,-2.718823698284626,2.999999999999959,-0.16314117139705897,0.0,25.33624651903361,0.0
 13.347103812343116,2.7613972927540393,3.412317595107186,155.05090252158107,-2.7023520744214977,3.000000000000081,-0.161893843989991,0.0,24.990723928693484,0.0
 13.352627580292213,2.774905085911973,3.4060729555487863,155.18894548144308,-2.6857807705742096,3.0,-0.1607215687614959,0.0,24.658122598676567,0.0
 13.358184551168339,2.7884251284192834,3.3998618537661196,155.3259699505839,-2.6691098579458306,2.99999999999992,-0.15962323930373296,0.0,24.33808265603484,0.0
 13.363774703665408,2.8019556704502597,3.393684796420879,155.46202354411741,-2.652339400454622,2.9999999999999605,-0.15859785932412732,0.0,24.030262431930325,0.0
 13.369398019001967,2.8154949621791916,3.3875422901747583,155.59715328739242,-2.635469454444945,3.0,-0.15764454090778912,0.0,23.73433773428773,0.0
 13.375054481021932,2.82904125378037,3.381434841689451,155.73140566735546,-2.6185000683850506,2.999999999999961,-0.15676250308743664,0.0,23.450001166865714,0.0
 13.380744076300015,2.842592795428083,3.37536295762665,155.8648266832655,-2.601431282550799,3.000000000000039,-0.15595107064789498,0.0,23.176961499114235,0.0
 13.386466794252192,2.8561478372966222,3.3693271446480493,155.9974618969134,-2.584263128694269,3.0000000000000386,-0.1552096732528664,0.0,22.91494305664709,0.0
 13.392222627251554,2.869704629560276,3.363327909415341,156.12935648233733,-2.566995629696185,2.9999999999999614,-0.15453784501466036,0.0,22.66368518187352,0.0
 13.398011570749954,2.8832614223933346,3.3573657585902206,156.26055527532077,-2.549628799200981,2.999999999999962,-0.15393522413405086,0.0,22.422941698136775,0.0
 13.403833623405857,2.8968164659700872,3.35144119883438,156.39110282258756,-2.5321626412332727,3.000000000000038,-0.15340155300008188,0.0,22.192480441492187,0.0
 13.409688787218817,2.9103680104648246,3.345554736809513,156.52104343098839,-2.514597149794395,2.9999999999999623,-0.15293667865476207,0.0,21.972082801720532,0.0
 13.415577067671084,2.923914306051836,3.3397068791773132,156.65042121664533,-2.4969323084375956,3.0,-0.15254055320960308,0.0,21.76154331050389,0.0
 13.421498473876833,2.9374536029054115,3.333898132599473,156.7792801542508,-2.479168089820349,3.0,-0.15221323517877708,0.0,21.560669261247735,0.0
 13.427453018739564,2.9509841511998403,3.328129003737688,156.90766412663746,-2.461304455232151,3.0,-0.15195489058901585,0.0,21.369280344175447,0.0
 13.43344071911827,2.964504201109413,3.322399999253649,157.0356169746469,-2.443341354096039,3.0000000000000373,-0.15176579483593505,0.0,21.187208337904146,0.0
 13.439461596002968,2.9780120028084185,3.3167116258090514,157.16318254757988,-2.4252787234419455,2.999999999999963,-0.15164633458921584,0.0,21.014296796821927,0.0
 13.445515674700339,2.991505806471147,3.311064390065587,157.29040475415778,-2.4071164873498296,3.0,-0.15159701012662222,0.0,20.850400798709522,0.0
 13.451602985030148,3.004983862271888,3.3054587986849504,157.41732761432039,-2.388854556360405,2.9999999999999636,-0.15161843837915623,0.0,20.695386688979486,0.0
 13.457723561533257,3.0184444203849314,3.299895358328835,157.54399531181173,-2.370492826851076,3.0000000000000364,-0.15171135591384738,0.0,20.54913187587059,0.0
 13.463877443692109,3.0318857309845675,3.2943745756589333,157.67045224784252,-2.3520311803745217,3.000000000000036,-0.15187662262584914,0.0,20.41152463539588,0.0
 13.470064676164565,3.045306044245085,3.288896957336939,157.79674309587898,-2.333469482957153,2.999999999999964,-0.1521152258076806,0.0,20.282463949411888,0.0
 13.47628530903214,3.0587036103407748,3.283463010024546,157.92291285775812,-2.314807584354429,3.0,-0.1524282846399944,0.0,20.161859359926307,0.0
 13.482539398063686,3.0720766794459258,3.2780732403834474,158.04900692123658,-2.29604531725979,3.0,-0.15281705533306664,0.0,20.049630861157006,0.0
 13.48882700499573,3.0854235017348284,3.272728155075337,158.17507111922413,-2.2771824964636562,3.0,-0.1532829366693846,0.0,19.945708800551873,0.0
 13.495148197830726,3.0987423273817716,3.2674282607619074,158.3011517907831,-2.2582189179586676,3.0,-0.1538274761475721,0.0,19.85003381587837,0.0
 13.501503051154623,3.112031406561046,3.2621740641048524,158.4272958441574,-2.239154357986977,3.0,-0.15445237678265145,0.0,19.762556786218926,0.0
 13.50789164647526,3.125288989446941,3.2569660717658655,158.55355082196564,-2.2199885720250685,3.0,-0.15515950462001382,0.0,19.6832388152541,0.0
 13.514314072583238,3.1385133262137463,3.25180479040664,158.6799649688223,-2.2007212937011347,3.0,-0.15595089667894985,0.0,19.612051231585415,0.0
 13.520770425937073,3.1517026670357517,3.246690726688869,158.80658730156696,-2.1813522336396245,3.000000000000034,-0.1568287700987154,0.0,19.548975617998902,0.0
 13.527260811074596,3.1648552620872468,3.241624387274247,158.9334676823718,-2.1618810782270597,3.000000000000034,-0.15779553177618197,0.0,19.494003858523875,0.0
 13.533785341052726,3.177969361542522,3.2366062788244663,159.06065689494054,-2.142307488292668,3.000000000000068,-0.1588537890566548,0.0,19.447138219459283,0.0
 13.540344137918018,3.1910432155758666,3.231636908001221,159.18820672413324,-2.122631097696792,3.0000000000000338,-0.16000636126521064,0.0,19.408391442755672,0.0
 13.54693733321051,3.2040750743615707,3.2267167814662034,159.31617003922844,-2.102851511819317,2.9999999999999662,-0.16125629240297668,0.0,19.377786875636318,0.0
 13.55356506850373,3.2170631880739236,3.2218464058811076,159.44460088120857,-2.0829683059396586,2.999999999999933,-0.16260686499176294,0.0,19.355358618695497,0.0
 13.560227495983957,3.230005806887215,3.2170262879076277,159.57355455435945,-2.062981023498975,3.0000000000000333,-0.16406161514735584,0.0,19.341151699408602,0.0
 13.566924779072162,3.242901180975735,3.2122569342074563,159.70308772254228,-2.042889174234361,3.0000000000000333,-0.16562434883617036,0.0,19.335222279872394,0.0
 13.573657093092368,3.2557475605137736,3.2075388514422865,159.8332585105809,-2.0226922321737395,3.0,-0.1672991599544281,0.0,19.337637881985902,0.0
 13.580424625990615,3.26854319567562,3.2028725462738126,159.9641266111216,-2.0023896334790017,3.0,-0.16909044974662066,0.0,19.348477643466786,0.0
 13.587227579109065,3.2812863366355645,3.1982585253637277,160.09575339744347,-1.9819807741236528,2.9999999999999676,-0.17100294795311935,0.0,19.367832605898045,0.0
 13.594066168020356,3.2939752335678962,3.193697295373725,160.22820204273793,-1.9614650073897781,2.9999999999999676,-0.17304173642182605,0.0,19.395806027054913,0.0
 13.600940623427784,3.306608136646905,3.189189362965497,160.36153764636202,-1.940841641167494,3.0,-0.17521227399081848,0.0,19.432513724449937,0.0
 13.607851192137534,3.319183296046882,3.184735234800739,160.49582736765802,-1.920109935038241,3.0,-0.1775204245391552,0.0,19.47808444355112,0.0
 13.614798138109883,3.331698961942115,3.1803354175411434,160.63114056793222,-1.8992690971211954,2.999999999999968,-0.1799724870294322,0.0,19.532660272529277,0.0
 13.62178174359703,3.344153384506895,3.1759904178484035,160.76754896139002,-1.8783182806597554,3.000000000000032,-0.18257522884448366,0.0,19.59639706504167,0.0
 13.628802310376136,3.3565448139155114,3.171700742384213,160.90512677561503,-1.857256580322437,3.0,-0.1853359218501274,0.0,19.66946491398598,0.0
 13.635860161087106,3.3688715003422542,3.1674668978102654,161.0439509225426,-1.8360830281895304,3.0,-0.18826238208739718,0.0,19.752048646496718,0.0
 13.64295564068578,3.3811316939614127,3.163289390788253,161.18410118074584,-1.814796589393505,3.000000000000031,-0.19136301348854115,0.0,19.844348355488822,0.0
 13.650089118024514,3.393323644947277,3.159168727979871,161.32566039004166,-1.7933961573773005,3.0,-0.19464685535314916,0.0,19.946579955620233,0.0
 13.657260987573514,3.405445603474137,3.1551054160468115,161.46871465943207,-1.7718805487303024,3.000000000000031,-0.1981236349865947,0.0,20.058975780518345,0.0
 13.664471671298017,3.4174958197162826,3.151099961650768,161.61335358962285,-1.7502484975567933,3.0000000000000306,-0.20180382521356358,0.0,20.181785200767944,0.0
 13.671721620708285,3.4294725438480027,3.147152871453435,161.7596705113373,-1.7284986493259917,3.0000000000000306,-0.20569870785018127,0.0,20.315275270752785,0.0
 13.679011319101532,3.441374026043588,3.143264652116504,161.9077627408369,-1.7066295541462488,2.999999999999939,-0.2098204435069061,0.0,20.45973140676919,0.0
 13.686341284017452,3.4531985164773276,3.1394358103016704,162.05773185423766,-1.6846396593984887,3.00000000000003,-0.21418214860024296,0.0,20.615458076613937,0.0
 13.693712069931845,3.4649442653235116,3.1356668526706266,162.20968398224753,-1.6625273016553088,3.00000000000003,-0.21879798032015435,0.0,20.78277951708102,0.0
 13.701124271216212,3.47660952275643,3.1319582858850654,162.36373012727677,-1.640290697802207,2.9999999999999702,-0.22368323058109307,0.0,20.962040456257466,0.0
 13.708578525395003,3.488192538950372,3.1283106166066816,162.5199865049438,-1.6179279352658331,3.0000000000000298,-0.22885442979385912,0.0,21.153606834617833,0.0
 13.716075516736698,3.499691564079628,3.124724351497168,162.67857491222853,-1.5954369612407497,3.0,-0.23432946210364552,0.0,21.357866531627185,0.0
 13.723615980220087,3.511104848318487,3.121199997218217,162.83962312489336,-1.5728155707905842,2.999999999999941,-0.24012769281063648,0.0,21.57523005862591,0.0
 13.731200705923213,3.522430641841239,3.1177380604315235,163.00326532686987,-1.550061393681207,3.0000000000000293,-0.24627011023437384,0.0,21.806131220395606,0.0
 13.738830543889543,3.5336671948221747,3.1143390477987802,163.16964257475405,-1.5271718797822134,2.9999999999999707,-0.2527794830987862,0.0,22.051027719218425,0.0
 13.74650640953432,3.544812757435583,3.111003465981681,163.33890330085597,-1.5041442828478893,3.000000000000029,-0.2596805360165553,0.0,22.310401672765433,0.0
 13.754229289663868,3.5558655798557535,3.1077318216419187,163.51120385861685,-1.48097564245924,3.000000000000029,-0.2670001449035253,0.0,22.584760015895576,0.0
 13.762000249192404,3.5668239122569765,3.104524621441187,163.6867091146621,-1.4576627638736301,2.9999999999999716,-0.27476755558726834,0.0,22.874634740618998,0.0
 13.769820438654614,3.5776860048135415,3.101382372041179,163.86559309221255,-1.4342021954870021,2.9999999999999716,-0.28301462750617234,0.0,23.180582931761062,0.0
 13.77769110262894,3.588450107699738,3.098305580103588,164.0480396711975,-1.4105902035640216,2.9999999999999716,-0.29177610742182514,0.0,23.50318652158409,0.0
 13.785613589206235,3.5991144710898566,3.0952947522901084,164.23424335093836,-1.38682274383214,3.000000000000028,-0.3010899356486726,0.0,23.843051695067473,0.0
 13.793589360662217,3.6096773451581865,3.0923503952624323,164.42441008207138,-1.3628954294641946,3.0,-0.3109975908035408,0.0,24.20080784343358,0.0
 13.801620005520968,3.620136980079017,3.089473015682254,164.61875817515687,-1.3388034948879397,3.0000000000000555,-0.3215444767973323,0.0,24.577105929634314,0.0
 13.809707252231496,3.630491626026639,3.086663120211267,164.8175192942406,-1.3145417547563558,3.0,-0.3327803598200797,0.0,24.972616134278617,0.0
 13.817852984721924,3.640739533175341,3.083921215511164,165.0209395448566,-1.290104557285072,3.0,-0.34475986116262525,0.0,25.388024565868914,0.0
 13.826059260147975,3.6508789516994145,3.0812478082436385,165.22928066696747,-1.2654857310069183,3.0,-0.35754301472691546,0.0,25.824028806633343,0.0
 13.834328329216582,3.6609081317731476,3.0786434050703844,165.44282134479923,-1.2406785238010956,3.0,-0.3711958985098029,0.0,26.281331981473567,0.0
 13.842662659545079,3.6708253235708304,3.0761085126530947,165.6618586470057,-1.2156755328156092,2.9999999999999734,-0.38579135168824447,0.0,26.760634980251385,0.0
 13.851064962615643,3.6806287772667536,3.073643637653463,165.8867096124705,-1.1904686236039146,3.0,-0.40140978963561447,0.0,27.26262633598078,0.0
 13.859538225009342,3.6903167430352055,3.071249286733183,166.11771299895662,-1.165048836422821,3.0,-0.4181401333141005,0.0,27.787969168106958,0.0
 13.868085744761599,3.699887471050477,3.0689259665539472,166.35523121429614,-1.1394062771660478,3.0,-0.4360808694836354,0.0,28.337284406921082,0.0
 13.876711173881636,3.709339211486858,3.06667418377745,166.59965245240238,-1.1135299898059363,3.0,-0.45534126422714905,0.0,28.911129325699736,0.0
 13.885418568335956,3.7186702145186374,3.064494445065384,166.85139305956108,-1.0874078064429766,3.0,-0.4760427543318973,0.0,29.50997013209383,0.0
 13.894212447129476,3.7278787303201057,3.0623872570794433,167.1109001601031,-1.0610261700624184,3.0000000000000253,-0.4983205454389907,0.0,30.134146990675468,0.0
 13.903097862553544,3.7369630090655512,3.0603531264813206,167.37865457456522,-1.034369923790212,2.99999999999995,-0.5223254530086722,0.0,30.783829435842623,0.0
 13.91208048424488,3.745921300929266,3.0583925599327095,167.655174068598,-1.0074220587162033,3.0,-0.5482260263987041,0.0,31.458959440130165,0.0
 13.921166700465662,3.7547518560855386,3.056506064095304,167.94101697615181,-0.9801634100538599,3.000000000000049,-0.5762110065780554,0.0,32.15917865780915,0.0
 13.93036374104827,3.7634529247086586,3.054694145630797,168.236786247371,-0.9525722883060372,2.999999999999976,-0.6064921760403758,0.0,32.883735194376136,0.0
 13.939679827858592,3.772022756972916,3.052957311200882,168.54313397908948,-0.9246240278750686,3.000000000000024,-0.639307671674536,0.0,33.63136378120568,0.0
 13.949124360583204,3.7804596030526003,3.0512960674672525,168.86076649489442,-0.8962904297012321,2.9999999999999885,-0.6749258452764131,0.0,34.40013114376885,0.0
 13.958708148385362,3.788761713122002,3.0497109210916014,169.19045005214267,-0.8675390662947601,2.999999999999977,-0.713649774403892,0.0,35.187235497603005,0.0
 13.968443701883226,3.79692733735541,3.0482023787356223,169.53301726577155,-0.8383324058011663,2.999999999999966,-0.7558225463991834,0.0,35.98874502193725,0.0
 13.978345605579328,3.8049547259271153,3.046770947061009,169.88937435312235,-0.8086266947128593,3.0,-0.8018334645640725,0.0,36.79925436537053,0.0
 13.988430999274891,3.812842129011406,3.045417132729455,170.2605093211003,-0.7783705136261696,3.000000000000022,-0.8521253576776112,0.0,37.611429763002945,0.0
 13.998720209723233,3.820587796782573,3.0441414424026534,170.64750123719486,-0.747502882281144,3.0,-0.9072032128268457,0.0,38.41540069359212,0.0
 14.009237593505905,3.8281899794149066,3.0429443827422973,171.05153074945443,-0.7159507309331321,3.0,-0.9676443990490661,0.0,39.197936790100854,0.0
 14.02001268357249,3.8356469270826947,3.04182646041008,171.47389204879215,-0.6836254607333728,3.00000000000001,-1.0341108100478018,0.0,39.941318480123414,0.0
 14.031081783643604,3.8429568899602287,3.040788182067696,171.9160065000208,-0.6504181605200333,3.0,-1.1073633271624461,0.0,40.62176091666704,0.0
 14.04249024297335,3.8501181182217974,3.0398300543768375,172.37943820734137,-0.61619278253079,3.0000000000000293,-1.1882790950542812,0.0,41.20716831279221,0.0
 14.054295801062784,3.8571288620416913,3.038952583999199,172.865911826559,-0.5807761082624955,2.9999999999999716,-1.2778722157608784,0.0,41.65385025661103,0.0
 14.066573685609345,3.8639873715941997,3.0381562775964728,173.37733299092943,-0.5439424546228118,3.000000000000009,-1.3773186079329178,0.0,41.901560015177516,0.0
 14.079424729618227,3.8706918970536126,3.0374416418303527,173.91581178272534,-0.5053893225961634,3.0000000000000173,-1.4879859504623398,0.0,41.86567136612955,0.0
 14.092989016472067,3.87724068859422,3.036809183362532,174.48368975846412,-0.46469646203464154,3.000000000000008,-1.6114698467915602,0.0,41.42412455553697,0.0
 14.10747046595161,3.883631996390311,3.0362594088547055,175.08357112544942,-0.4212521135960128,3.0000000000000075,-1.749637609522264,0.0,40.39387310264336,0.0
 14.123185414704144,3.889864070616176,3.0357928249685644,175.71835877117383,-0.37410726733841193,2.999999999999993,-1.9046813922340131,0.0,38.483292940252646,0.0
 14.140671891172031,3.895935161446104,3.0354099383658033,176.39129596758033,-0.32164783793475177,2.999999999999984,-2.079182788099986,0.0,35.17733731856266,0.0
 14.16098948185683,3.9018435190543856,3.0351112557081152,177.10601470860001,-0.2606950658803547,3.0000000000000053,-2.2761914925038407,0.0,29.353080572168484,0.0
 14.186900802553163,3.9075873936153096,3.034897283657194,177.8665917927308,-0.1829611037913537,2.9999999999999925,-2.4993211813518026,0.0,13.298271342942165,0.0
 14.247887837150282,3.9131650353031673,3.0347685288747326,178.67761392720465,0,3.0000000000000075,-2.4993211813518026,0.0,0.0,0.0